Inference for Stan model: hgrowth8_model
1 chains: each with iter=(1000); warmup=(0); thin=(1); 1000 iterations saved.

Warmup took (37) seconds, 37 seconds total
Sampling took (39) seconds, 39 seconds total

                     Mean     MCSE   StdDev        5%       50%       95%  N_Eff  N_Eff/s  R_hat
lp__             -4.0e+03  1.0e+00  1.8e+01  -4.0e+03  -4.0e+03  -4.0e+03    330      8.5    1.0
accept_stat__     8.8e-01  3.5e-03  1.0e-01   6.8e-01   9.1e-01   9.9e-01    837       22   1.00
stepsize__        1.5e-01  1.6e-16  1.1e-16   1.5e-01   1.5e-01   1.5e-01   0.50    0.013   1.00
treedepth__       5.0e+00  1.5e-02  1.9e-01   5.0e+00   5.0e+00   5.0e+00    169      4.4    1.0
n_leapfrog__      3.1e+01  2.4e-01  2.6e+00   3.1e+01   3.1e+01   3.1e+01    115      3.0    1.0
n_divergent__     2.0e-02  1.2e-02  1.4e-01   0.0e+00   0.0e+00   0.0e+00    131      3.4    1.0
Omega[1,1,1]      1.0e+00  2.1e-17  6.7e-16   1.0e+00   1.0e+00   1.0e+00   1000       26   1.00
Omega[1,1,2]      6.8e-03  1.5e-02  4.7e-01  -7.7e-01   2.5e-02   7.7e-01   1000       26   1.00
Omega[1,2,1]      6.8e-03  1.5e-02  4.7e-01  -7.7e-01   2.5e-02   7.7e-01   1000       26   1.00
Omega[1,2,2]      1.0e+00  2.1e-17  6.7e-16   1.0e+00   1.0e+00   1.0e+00   1000       26   1.00
Omega[2,1,1]      1.0e+00  2.1e-17  6.7e-16   1.0e+00   1.0e+00   1.0e+00   1000       26   1.00
Omega[2,1,2]     -1.1e-03  1.4e-02  4.4e-01  -7.2e-01   1.0e-02   7.1e-01   1000       26   1.00
Omega[2,2,1]     -1.1e-03  1.4e-02  4.4e-01  -7.2e-01   1.0e-02   7.1e-01   1000       26   1.00
Omega[2,2,2]      1.0e+00  2.1e-17  6.7e-16   1.0e+00   1.0e+00   1.0e+00   1000       26   1.00
Omega[3,1,1]      1.0e+00  2.1e-17  6.7e-16   1.0e+00   1.0e+00   1.0e+00   1000       26   1.00
Omega[3,1,2]      1.0e-02  1.4e-02  4.6e-01  -7.4e-01  -1.2e-03   7.5e-01   1000       26   1.00
Omega[3,2,1]      1.0e-02  1.4e-02  4.6e-01  -7.4e-01  -1.2e-03   7.5e-01   1000       26   1.00
Omega[3,2,2]      1.0e+00  2.1e-17  6.7e-16   1.0e+00   1.0e+00   1.0e+00   1000       26   1.00
Omega[4,1,1]      1.0e+00  2.1e-17  6.7e-16   1.0e+00   1.0e+00   1.0e+00   1000       26   1.00
Omega[4,1,2]      3.4e-03  1.5e-02  4.6e-01  -7.4e-01   1.0e-02   7.6e-01   1000       26   1.00
Omega[4,2,1]      3.4e-03  1.5e-02  4.6e-01  -7.4e-01   1.0e-02   7.6e-01   1000       26   1.00
Omega[4,2,2]      1.0e+00  2.1e-17  6.7e-16   1.0e+00   1.0e+00   1.0e+00   1000       26   1.00
Omega[5,1,1]      1.0e+00  2.1e-17  6.7e-16   1.0e+00   1.0e+00   1.0e+00   1000       26   1.00
Omega[5,1,2]      9.5e-03  1.5e-02  4.6e-01  -7.5e-01   2.3e-02   7.4e-01   1000       26   1.00
Omega[5,2,1]      9.5e-03  1.5e-02  4.6e-01  -7.5e-01   2.3e-02   7.4e-01   1000       26   1.00
Omega[5,2,2]      1.0e+00  2.1e-17  6.7e-16   1.0e+00   1.0e+00   1.0e+00   1000       26   1.00
Omega[6,1,1]      1.0e+00  2.1e-17  6.7e-16   1.0e+00   1.0e+00   1.0e+00   1000       26   1.00
Omega[6,1,2]      2.7e-02  1.4e-02  4.3e-01  -6.8e-01   3.0e-02   7.3e-01   1000       26   1.00
Omega[6,2,1]      2.7e-02  1.4e-02  4.3e-01  -6.8e-01   3.0e-02   7.3e-01   1000       26   1.00
Omega[6,2,2]      1.0e+00  2.1e-17  6.7e-16   1.0e+00   1.0e+00   1.0e+00   1000       26   1.00
Omega[7,1,1]      1.0e+00  2.1e-17  6.7e-16   1.0e+00   1.0e+00   1.0e+00   1000       26   1.00
Omega[7,1,2]      9.7e-03  1.4e-02  4.6e-01  -7.5e-01   5.8e-03   7.7e-01   1000       26    1.0
Omega[7,2,1]      9.7e-03  1.4e-02  4.6e-01  -7.5e-01   5.8e-03   7.7e-01   1000       26    1.0
Omega[7,2,2]      1.0e+00  2.1e-17  6.7e-16   1.0e+00   1.0e+00   1.0e+00   1000       26   1.00
Omega[8,1,1]      1.0e+00  2.1e-17  6.7e-16   1.0e+00   1.0e+00   1.0e+00   1000       26   1.00
Omega[8,1,2]      1.5e-03  1.3e-02  4.3e-01  -6.9e-01  -5.8e-03   6.8e-01   1000       26    1.0
Omega[8,2,1]      1.5e-03  1.3e-02  4.3e-01  -6.9e-01  -5.8e-03   6.8e-01   1000       26    1.0
Omega[8,2,2]      1.0e+00  2.1e-17  6.7e-16   1.0e+00   1.0e+00   1.0e+00   1000       26   1.00
Omega[9,1,1]      1.0e+00  2.1e-17  6.7e-16   1.0e+00   1.0e+00   1.0e+00   1000       26   1.00
Omega[9,1,2]     -2.2e-02  1.4e-02  4.5e-01  -7.4e-01  -2.7e-02   7.1e-01   1000       26   1.00
Omega[9,2,1]     -2.2e-02  1.4e-02  4.5e-01  -7.4e-01  -2.7e-02   7.1e-01   1000       26   1.00
Omega[9,2,2]      1.0e+00  2.1e-17  6.7e-16   1.0e+00   1.0e+00   1.0e+00   1000       26   1.00
Omega[10,1,1]     1.0e+00  2.1e-17  6.7e-16   1.0e+00   1.0e+00   1.0e+00   1000       26   1.00
Omega[10,1,2]     3.6e-03  1.4e-02  4.4e-01  -6.8e-01   3.3e-03   7.0e-01   1000       26   1.00
Omega[10,2,1]     3.6e-03  1.4e-02  4.4e-01  -6.8e-01   3.3e-03   7.0e-01   1000       26   1.00
Omega[10,2,2]     1.0e+00  2.1e-17  6.7e-16   1.0e+00   1.0e+00   1.0e+00   1000       26   1.00
Omega[11,1,1]     1.0e+00  2.1e-17  6.7e-16   1.0e+00   1.0e+00   1.0e+00   1000       26   1.00
Omega[11,1,2]     4.9e-03  1.5e-02  4.6e-01  -7.5e-01   4.0e-02   7.4e-01   1000       26   1.00
Omega[11,2,1]     4.9e-03  1.5e-02  4.6e-01  -7.5e-01   4.0e-02   7.4e-01   1000       26   1.00
Omega[11,2,2]     1.0e+00  2.1e-17  6.7e-16   1.0e+00   1.0e+00   1.0e+00   1000       26   1.00
Omega[12,1,1]     1.0e+00  2.1e-17  6.7e-16   1.0e+00   1.0e+00   1.0e+00   1000       26   1.00
Omega[12,1,2]     5.4e-03  1.4e-02  4.5e-01  -7.3e-01  -1.6e-03   7.5e-01   1000       26   1.00
Omega[12,2,1]     5.4e-03  1.4e-02  4.5e-01  -7.3e-01  -1.6e-03   7.5e-01   1000       26   1.00
Omega[12,2,2]     1.0e+00  2.1e-17  6.7e-16   1.0e+00   1.0e+00   1.0e+00   1000       26   1.00
Omega[13,1,1]     1.0e+00  2.1e-17  6.7e-16   1.0e+00   1.0e+00   1.0e+00   1000       26   1.00
Omega[13,1,2]     3.8e-03  1.4e-02  4.5e-01  -7.2e-01   5.4e-03   7.5e-01   1000       26   1.00
Omega[13,2,1]     3.8e-03  1.4e-02  4.5e-01  -7.2e-01   5.4e-03   7.5e-01   1000       26   1.00
Omega[13,2,2]     1.0e+00  2.1e-17  6.7e-16   1.0e+00   1.0e+00   1.0e+00   1000       26   1.00
Omega[14,1,1]     1.0e+00  2.1e-17  6.7e-16   1.0e+00   1.0e+00   1.0e+00   1000       26   1.00
Omega[14,1,2]    -6.6e-03  1.5e-02  4.7e-01  -7.5e-01   1.2e-02   7.2e-01   1000       26    1.0
Omega[14,2,1]    -6.6e-03  1.5e-02  4.7e-01  -7.5e-01   1.2e-02   7.2e-01   1000       26    1.0
Omega[14,2,2]     1.0e+00  2.1e-17  6.7e-16   1.0e+00   1.0e+00   1.0e+00   1000       26   1.00
Omega[15,1,1]     1.0e+00  2.1e-17  6.7e-16   1.0e+00   1.0e+00   1.0e+00   1000       26   1.00
Omega[15,1,2]    -1.8e-02  1.4e-02  4.3e-01  -7.4e-01  -1.0e-02   7.0e-01   1000       26   1.00
Omega[15,2,1]    -1.8e-02  1.4e-02  4.3e-01  -7.4e-01  -1.0e-02   7.0e-01   1000       26   1.00
Omega[15,2,2]     1.0e+00  2.1e-17  6.7e-16   1.0e+00   1.0e+00   1.0e+00   1000       26   1.00
Omega[16,1,1]     1.0e+00  2.1e-17  6.7e-16   1.0e+00   1.0e+00   1.0e+00   1000       26   1.00
Omega[16,1,2]    -3.0e-04  1.4e-02  4.5e-01  -7.2e-01   5.3e-04   7.3e-01   1000       26   1.00
Omega[16,2,1]    -3.0e-04  1.4e-02  4.5e-01  -7.2e-01   5.3e-04   7.3e-01   1000       26   1.00
Omega[16,2,2]     1.0e+00  2.1e-17  6.7e-16   1.0e+00   1.0e+00   1.0e+00   1000       26   1.00
Omega[17,1,1]     1.0e+00  2.1e-17  6.7e-16   1.0e+00   1.0e+00   1.0e+00   1000       26   1.00
Omega[17,1,2]     2.0e-02  1.5e-02  4.6e-01  -7.4e-01   3.4e-02   7.5e-01   1000       26   1.00
Omega[17,2,1]     2.0e-02  1.5e-02  4.6e-01  -7.4e-01   3.4e-02   7.5e-01   1000       26   1.00
Omega[17,2,2]     1.0e+00  2.1e-17  6.7e-16   1.0e+00   1.0e+00   1.0e+00   1000       26   1.00
Omega[18,1,1]     1.0e+00  2.1e-17  6.7e-16   1.0e+00   1.0e+00   1.0e+00   1000       26   1.00
Omega[18,1,2]     1.1e-02  1.4e-02  4.4e-01  -7.1e-01   1.5e-02   7.4e-01   1000       26   1.00
Omega[18,2,1]     1.1e-02  1.4e-02  4.4e-01  -7.1e-01   1.5e-02   7.4e-01   1000       26   1.00
Omega[18,2,2]     1.0e+00  2.1e-17  6.7e-16   1.0e+00   1.0e+00   1.0e+00   1000       26   1.00
Omega[19,1,1]     1.0e+00  2.1e-17  6.7e-16   1.0e+00   1.0e+00   1.0e+00   1000       26   1.00
Omega[19,1,2]     2.1e-02  1.3e-02  4.2e-01  -6.8e-01   2.6e-02   7.2e-01   1000       26   1.00
Omega[19,2,1]     2.1e-02  1.3e-02  4.2e-01  -6.8e-01   2.6e-02   7.2e-01   1000       26   1.00
Omega[19,2,2]     1.0e+00  2.1e-17  6.7e-16   1.0e+00   1.0e+00   1.0e+00   1000       26   1.00
Omega[20,1,1]     1.0e+00  2.1e-17  6.7e-16   1.0e+00   1.0e+00   1.0e+00   1000       26   1.00
Omega[20,1,2]     4.7e-03  1.5e-02  4.7e-01  -7.7e-01   5.2e-04   7.7e-01   1000       26    1.0
Omega[20,2,1]     4.7e-03  1.5e-02  4.7e-01  -7.7e-01   5.2e-04   7.7e-01   1000       26    1.0
Omega[20,2,2]     1.0e+00  2.1e-17  6.7e-16   1.0e+00   1.0e+00   1.0e+00   1000       26   1.00
Omega[21,1,1]     1.0e+00  2.1e-17  6.7e-16   1.0e+00   1.0e+00   1.0e+00   1000       26   1.00
Omega[21,1,2]     5.6e-03  1.4e-02  4.3e-01  -6.7e-01  -1.5e-02   7.1e-01   1000       26   1.00
Omega[21,2,1]     5.6e-03  1.4e-02  4.3e-01  -6.7e-01  -1.5e-02   7.1e-01   1000       26   1.00
Omega[21,2,2]     1.0e+00  2.1e-17  6.7e-16   1.0e+00   1.0e+00   1.0e+00   1000       26   1.00
Omega[22,1,1]     1.0e+00  2.1e-17  6.7e-16   1.0e+00   1.0e+00   1.0e+00   1000       26   1.00
Omega[22,1,2]     1.6e-02  1.5e-02  4.7e-01  -7.6e-01   2.6e-02   7.7e-01   1000       26   1.00
Omega[22,2,1]     1.6e-02  1.5e-02  4.7e-01  -7.6e-01   2.6e-02   7.7e-01   1000       26   1.00
Omega[22,2,2]     1.0e+00  2.1e-17  6.7e-16   1.0e+00   1.0e+00   1.0e+00   1000       26   1.00
Omega[23,1,1]     1.0e+00  2.1e-17  6.7e-16   1.0e+00   1.0e+00   1.0e+00   1000       26   1.00
Omega[23,1,2]     8.4e-03  1.4e-02  4.3e-01  -7.0e-01   1.2e-02   7.3e-01   1000       26   1.00
Omega[23,2,1]     8.4e-03  1.4e-02  4.3e-01  -7.0e-01   1.2e-02   7.3e-01   1000       26   1.00
Omega[23,2,2]     1.0e+00  2.1e-17  6.7e-16   1.0e+00   1.0e+00   1.0e+00   1000       26   1.00
Omega[24,1,1]     1.0e+00  2.1e-17  6.7e-16   1.0e+00   1.0e+00   1.0e+00   1000       26   1.00
Omega[24,1,2]    -1.0e-02  1.4e-02  4.6e-01  -7.7e-01  -5.8e-03   7.1e-01   1000       26   1.00
Omega[24,2,1]    -1.0e-02  1.4e-02  4.6e-01  -7.7e-01  -5.8e-03   7.1e-01   1000       26   1.00
Omega[24,2,2]     1.0e+00  2.1e-17  6.7e-16   1.0e+00   1.0e+00   1.0e+00   1000       26   1.00
Omega[25,1,1]     1.0e+00  2.1e-17  6.7e-16   1.0e+00   1.0e+00   1.0e+00   1000       26   1.00
Omega[25,1,2]     4.5e-03  1.4e-02  4.4e-01  -7.3e-01  -2.8e-03   7.3e-01   1000       26   1.00
Omega[25,2,1]     4.5e-03  1.4e-02  4.4e-01  -7.3e-01  -2.8e-03   7.3e-01   1000       26   1.00
Omega[25,2,2]     1.0e+00  2.1e-17  6.7e-16   1.0e+00   1.0e+00   1.0e+00   1000       26   1.00
Omega[26,1,1]     1.0e+00  2.1e-17  6.7e-16   1.0e+00   1.0e+00   1.0e+00   1000       26   1.00
Omega[26,1,2]     9.1e-03  1.3e-02  4.2e-01  -7.0e-01   1.4e-02   7.3e-01   1000       26   1.00
Omega[26,2,1]     9.1e-03  1.3e-02  4.2e-01  -7.0e-01   1.4e-02   7.3e-01   1000       26   1.00
Omega[26,2,2]     1.0e+00  2.1e-17  6.7e-16   1.0e+00   1.0e+00   1.0e+00   1000       26   1.00
Omega[27,1,1]     1.0e+00  2.1e-17  6.7e-16   1.0e+00   1.0e+00   1.0e+00   1000       26   1.00
Omega[27,1,2]    -6.6e-04  1.4e-02  4.4e-01  -7.4e-01   1.1e-02   7.4e-01   1000       26   1.00
Omega[27,2,1]    -6.6e-04  1.4e-02  4.4e-01  -7.4e-01   1.1e-02   7.4e-01   1000       26   1.00
Omega[27,2,2]     1.0e+00  2.1e-17  6.7e-16   1.0e+00   1.0e+00   1.0e+00   1000       26   1.00
Omega[28,1,1]     1.0e+00  2.1e-17  6.7e-16   1.0e+00   1.0e+00   1.0e+00   1000       26   1.00
Omega[28,1,2]     1.2e-02  1.6e-02  5.0e-01  -7.9e-01   1.2e-02   8.0e-01   1000       26   1.00
Omega[28,2,1]     1.2e-02  1.6e-02  5.0e-01  -7.9e-01   1.2e-02   8.0e-01   1000       26   1.00
Omega[28,2,2]     1.0e+00  2.1e-17  6.7e-16   1.0e+00   1.0e+00   1.0e+00   1000       26   1.00
Omega[29,1,1]     1.0e+00  2.1e-17  6.7e-16   1.0e+00   1.0e+00   1.0e+00   1000       26   1.00
Omega[29,1,2]     1.4e-02  1.5e-02  4.6e-01  -7.4e-01   7.9e-03   7.4e-01   1000       26   1.00
Omega[29,2,1]     1.4e-02  1.5e-02  4.6e-01  -7.4e-01   7.9e-03   7.4e-01   1000       26   1.00
Omega[29,2,2]     1.0e+00  2.1e-17  6.7e-16   1.0e+00   1.0e+00   1.0e+00   1000       26   1.00
Omega[30,1,1]     1.0e+00  2.1e-17  6.7e-16   1.0e+00   1.0e+00   1.0e+00   1000       26   1.00
Omega[30,1,2]     3.0e-03  1.5e-02  4.6e-01  -7.5e-01  -3.3e-03   7.4e-01   1000       26   1.00
Omega[30,2,1]     3.0e-03  1.5e-02  4.6e-01  -7.5e-01  -3.3e-03   7.4e-01   1000       26   1.00
Omega[30,2,2]     1.0e+00  2.1e-17  6.7e-16   1.0e+00   1.0e+00   1.0e+00   1000       26   1.00
Omega[31,1,1]     1.0e+00  2.1e-17  6.7e-16   1.0e+00   1.0e+00   1.0e+00   1000       26   1.00
Omega[31,1,2]     1.4e-02  1.4e-02  4.5e-01  -7.1e-01   1.1e-02   7.5e-01   1000       26   1.00
Omega[31,2,1]     1.4e-02  1.4e-02  4.5e-01  -7.1e-01   1.1e-02   7.5e-01   1000       26   1.00
Omega[31,2,2]     1.0e+00  2.1e-17  6.7e-16   1.0e+00   1.0e+00   1.0e+00   1000       26   1.00
Omega[32,1,1]     1.0e+00  2.1e-17  6.7e-16   1.0e+00   1.0e+00   1.0e+00   1000       26   1.00
Omega[32,1,2]    -2.1e-02  1.5e-02  4.6e-01  -7.8e-01  -4.2e-02   7.2e-01   1000       26   1.00
Omega[32,2,1]    -2.1e-02  1.5e-02  4.6e-01  -7.8e-01  -4.2e-02   7.2e-01   1000       26   1.00
Omega[32,2,2]     1.0e+00  2.1e-17  6.7e-16   1.0e+00   1.0e+00   1.0e+00   1000       26   1.00
Omega[33,1,1]     1.0e+00  2.1e-17  6.7e-16   1.0e+00   1.0e+00   1.0e+00   1000       26   1.00
Omega[33,1,2]    -1.0e-02  1.5e-02  4.7e-01  -7.6e-01  -1.7e-02   7.6e-01   1000       26   1.00
Omega[33,2,1]    -1.0e-02  1.5e-02  4.7e-01  -7.6e-01  -1.7e-02   7.6e-01   1000       26   1.00
Omega[33,2,2]     1.0e+00  2.1e-17  6.7e-16   1.0e+00   1.0e+00   1.0e+00   1000       26   1.00
Omega[34,1,1]     1.0e+00  2.1e-17  6.7e-16   1.0e+00   1.0e+00   1.0e+00   1000       26   1.00
Omega[34,1,2]    -1.0e-02  1.4e-02  4.6e-01  -7.7e-01  -6.0e-03   7.5e-01   1000       26   1.00
Omega[34,2,1]    -1.0e-02  1.4e-02  4.6e-01  -7.7e-01  -6.0e-03   7.5e-01   1000       26   1.00
Omega[34,2,2]     1.0e+00  2.1e-17  6.7e-16   1.0e+00   1.0e+00   1.0e+00   1000       26   1.00
Omega[35,1,1]     1.0e+00  2.1e-17  6.7e-16   1.0e+00   1.0e+00   1.0e+00   1000       26   1.00
Omega[35,1,2]     6.8e-03  1.4e-02  4.6e-01  -7.6e-01   5.4e-03   7.5e-01   1000       26   1.00
Omega[35,2,1]     6.8e-03  1.4e-02  4.6e-01  -7.6e-01   5.4e-03   7.5e-01   1000       26   1.00
Omega[35,2,2]     1.0e+00  2.1e-17  6.7e-16   1.0e+00   1.0e+00   1.0e+00   1000       26   1.00
Omega[36,1,1]     1.0e+00  2.1e-17  6.7e-16   1.0e+00   1.0e+00   1.0e+00   1000       26   1.00
Omega[36,1,2]     4.7e-03  1.4e-02  4.5e-01  -7.3e-01  -1.9e-03   7.4e-01   1000       26   1.00
Omega[36,2,1]     4.7e-03  1.4e-02  4.5e-01  -7.3e-01  -1.9e-03   7.4e-01   1000       26   1.00
Omega[36,2,2]     1.0e+00  2.1e-17  6.7e-16   1.0e+00   1.0e+00   1.0e+00   1000       26   1.00
Omega[37,1,1]     1.0e+00  2.1e-17  6.7e-16   1.0e+00   1.0e+00   1.0e+00   1000       26   1.00
Omega[37,1,2]    -2.8e-03  1.5e-02  4.8e-01  -7.8e-01  -6.2e-03   7.8e-01   1000       26   1.00
Omega[37,2,1]    -2.8e-03  1.5e-02  4.8e-01  -7.8e-01  -6.2e-03   7.8e-01   1000       26   1.00
Omega[37,2,2]     1.0e+00  2.1e-17  6.7e-16   1.0e+00   1.0e+00   1.0e+00   1000       26   1.00
Omega[38,1,1]     1.0e+00  2.1e-17  6.7e-16   1.0e+00   1.0e+00   1.0e+00   1000       26   1.00
Omega[38,1,2]    -3.4e-03  1.4e-02  4.4e-01  -7.4e-01   1.4e-02   7.4e-01   1000       26   1.00
Omega[38,2,1]    -3.4e-03  1.4e-02  4.4e-01  -7.4e-01   1.4e-02   7.4e-01   1000       26   1.00
Omega[38,2,2]     1.0e+00  2.1e-17  6.7e-16   1.0e+00   1.0e+00   1.0e+00   1000       26   1.00
Omega[39,1,1]     1.0e+00  2.1e-17  6.7e-16   1.0e+00   1.0e+00   1.0e+00   1000       26   1.00
Omega[39,1,2]    -7.0e-03  1.4e-02  4.4e-01  -7.4e-01  -2.0e-02   7.3e-01   1000       26   1.00
Omega[39,2,1]    -7.0e-03  1.4e-02  4.4e-01  -7.4e-01  -2.0e-02   7.3e-01   1000       26   1.00
Omega[39,2,2]     1.0e+00  2.1e-17  6.7e-16   1.0e+00   1.0e+00   1.0e+00   1000       26   1.00
Omega[40,1,1]     1.0e+00  2.1e-17  6.7e-16   1.0e+00   1.0e+00   1.0e+00   1000       26   1.00
Omega[40,1,2]     9.5e-03  1.4e-02  4.4e-01  -6.9e-01   1.6e-02   7.2e-01   1000       26   1.00
Omega[40,2,1]     9.5e-03  1.4e-02  4.4e-01  -6.9e-01   1.6e-02   7.2e-01   1000       26   1.00
Omega[40,2,2]     1.0e+00  2.1e-17  6.7e-16   1.0e+00   1.0e+00   1.0e+00   1000       26   1.00
Omega[41,1,1]     1.0e+00  2.1e-17  6.7e-16   1.0e+00   1.0e+00   1.0e+00   1000       26   1.00
Omega[41,1,2]    -7.7e-03  1.4e-02  4.5e-01  -7.4e-01  -1.2e-02   7.4e-01   1000       26   1.00
Omega[41,2,1]    -7.7e-03  1.4e-02  4.5e-01  -7.4e-01  -1.2e-02   7.4e-01   1000       26   1.00
Omega[41,2,2]     1.0e+00  2.1e-17  6.7e-16   1.0e+00   1.0e+00   1.0e+00   1000       26   1.00
Omega[42,1,1]     1.0e+00  2.1e-17  6.7e-16   1.0e+00   1.0e+00   1.0e+00   1000       26   1.00
Omega[42,1,2]    -6.8e-03  1.4e-02  4.5e-01  -7.3e-01  -1.7e-02   7.1e-01   1000       26   1.00
Omega[42,2,1]    -6.8e-03  1.4e-02  4.5e-01  -7.3e-01  -1.7e-02   7.1e-01   1000       26   1.00
Omega[42,2,2]     1.0e+00  2.1e-17  6.7e-16   1.0e+00   1.0e+00   1.0e+00   1000       26   1.00
Omega[43,1,1]     1.0e+00  2.1e-17  6.7e-16   1.0e+00   1.0e+00   1.0e+00   1000       26   1.00
Omega[43,1,2]    -2.1e-03  1.4e-02  4.4e-01  -7.0e-01  -1.9e-02   7.1e-01   1000       26   1.00
Omega[43,2,1]    -2.1e-03  1.4e-02  4.4e-01  -7.0e-01  -1.9e-02   7.1e-01   1000       26   1.00
Omega[43,2,2]     1.0e+00  2.1e-17  6.7e-16   1.0e+00   1.0e+00   1.0e+00   1000       26   1.00
Omega[44,1,1]     1.0e+00  2.1e-17  6.7e-16   1.0e+00   1.0e+00   1.0e+00   1000       26   1.00
Omega[44,1,2]    -6.3e-03  1.4e-02  4.5e-01  -7.7e-01   1.9e-02   7.2e-01   1000       26   1.00
Omega[44,2,1]    -6.3e-03  1.4e-02  4.5e-01  -7.7e-01   1.9e-02   7.2e-01   1000       26   1.00
Omega[44,2,2]     1.0e+00  2.1e-17  6.7e-16   1.0e+00   1.0e+00   1.0e+00   1000       26   1.00
Omega[45,1,1]     1.0e+00  2.1e-17  6.7e-16   1.0e+00   1.0e+00   1.0e+00   1000       26   1.00
Omega[45,1,2]    -4.3e-04  1.4e-02  4.5e-01  -7.3e-01   8.5e-03   7.3e-01   1000       26    1.0
Omega[45,2,1]    -4.3e-04  1.4e-02  4.5e-01  -7.3e-01   8.5e-03   7.3e-01   1000       26    1.0
Omega[45,2,2]     1.0e+00  2.1e-17  6.7e-16   1.0e+00   1.0e+00   1.0e+00   1000       26   1.00
Omega[46,1,1]     1.0e+00  2.1e-17  6.7e-16   1.0e+00   1.0e+00   1.0e+00   1000       26   1.00
Omega[46,1,2]    -1.3e-03  1.4e-02  4.5e-01  -7.3e-01  -1.3e-02   7.4e-01   1000       26   1.00
Omega[46,2,1]    -1.3e-03  1.4e-02  4.5e-01  -7.3e-01  -1.3e-02   7.4e-01   1000       26   1.00
Omega[46,2,2]     1.0e+00  2.1e-17  6.7e-16   1.0e+00   1.0e+00   1.0e+00   1000       26   1.00
Omega[47,1,1]     1.0e+00  2.1e-17  6.7e-16   1.0e+00   1.0e+00   1.0e+00   1000       26   1.00
Omega[47,1,2]     1.7e-02  1.4e-02  4.6e-01  -7.1e-01   2.7e-02   7.5e-01   1000       26    1.0
Omega[47,2,1]     1.7e-02  1.4e-02  4.6e-01  -7.1e-01   2.7e-02   7.5e-01   1000       26    1.0
Omega[47,2,2]     1.0e+00  2.1e-17  6.7e-16   1.0e+00   1.0e+00   1.0e+00   1000       26   1.00
Omega[48,1,1]     1.0e+00  2.1e-17  6.7e-16   1.0e+00   1.0e+00   1.0e+00   1000       26   1.00
Omega[48,1,2]     2.9e-04  1.4e-02  4.3e-01  -7.0e-01   8.3e-03   7.1e-01   1000       26   1.00
Omega[48,2,1]     2.9e-04  1.4e-02  4.3e-01  -7.0e-01   8.3e-03   7.1e-01   1000       26   1.00
Omega[48,2,2]     1.0e+00  2.1e-17  6.7e-16   1.0e+00   1.0e+00   1.0e+00   1000       26   1.00
Omega[49,1,1]     1.0e+00  2.1e-17  6.7e-16   1.0e+00   1.0e+00   1.0e+00   1000       26   1.00
Omega[49,1,2]    -7.0e-03  1.4e-02  4.6e-01  -7.4e-01  -1.1e-02   6.9e-01   1000       26   1.00
Omega[49,2,1]    -7.0e-03  1.4e-02  4.6e-01  -7.4e-01  -1.1e-02   6.9e-01   1000       26   1.00
Omega[49,2,2]     1.0e+00  2.1e-17  6.7e-16   1.0e+00   1.0e+00   1.0e+00   1000       26   1.00
Omega[50,1,1]     1.0e+00  2.1e-17  6.7e-16   1.0e+00   1.0e+00   1.0e+00   1000       26   1.00
Omega[50,1,2]     3.3e-04  1.4e-02  4.3e-01  -6.9e-01   6.9e-03   6.8e-01   1000       26   1.00
Omega[50,2,1]     3.3e-04  1.4e-02  4.3e-01  -6.9e-01   6.9e-03   6.8e-01   1000       26   1.00
Omega[50,2,2]     1.0e+00  2.1e-17  6.7e-16   1.0e+00   1.0e+00   1.0e+00   1000       26   1.00
Omega[51,1,1]     1.0e+00  2.1e-17  6.7e-16   1.0e+00   1.0e+00   1.0e+00   1000       26   1.00
Omega[51,1,2]     7.6e-03  1.5e-02  4.6e-01  -7.7e-01   9.6e-03   7.5e-01   1000       26   1.00
Omega[51,2,1]     7.6e-03  1.5e-02  4.6e-01  -7.7e-01   9.6e-03   7.5e-01   1000       26   1.00
Omega[51,2,2]     1.0e+00  2.1e-17  6.7e-16   1.0e+00   1.0e+00   1.0e+00   1000       26   1.00
Omega[52,1,1]     1.0e+00  2.1e-17  6.7e-16   1.0e+00   1.0e+00   1.0e+00   1000       26   1.00
Omega[52,1,2]    -2.0e-02  1.4e-02  4.5e-01  -7.8e-01  -1.6e-02   7.2e-01   1000       26   1.00
Omega[52,2,1]    -2.0e-02  1.4e-02  4.5e-01  -7.8e-01  -1.6e-02   7.2e-01   1000       26   1.00
Omega[52,2,2]     1.0e+00  2.1e-17  6.7e-16   1.0e+00   1.0e+00   1.0e+00   1000       26   1.00
Omega[53,1,1]     1.0e+00  2.1e-17  6.7e-16   1.0e+00   1.0e+00   1.0e+00   1000       26   1.00
Omega[53,1,2]    -1.5e-02  1.4e-02  4.5e-01  -7.5e-01  -1.2e-02   7.5e-01   1000       26   1.00
Omega[53,2,1]    -1.5e-02  1.4e-02  4.5e-01  -7.5e-01  -1.2e-02   7.5e-01   1000       26   1.00
Omega[53,2,2]     1.0e+00  2.1e-17  6.7e-16   1.0e+00   1.0e+00   1.0e+00   1000       26   1.00
Omega[54,1,1]     1.0e+00  2.1e-17  6.7e-16   1.0e+00   1.0e+00   1.0e+00   1000       26   1.00
Omega[54,1,2]    -1.7e-02  1.4e-02  4.4e-01  -7.4e-01  -1.8e-02   7.0e-01   1000       26   1.00
Omega[54,2,1]    -1.7e-02  1.4e-02  4.4e-01  -7.4e-01  -1.8e-02   7.0e-01   1000       26   1.00
Omega[54,2,2]     1.0e+00  2.1e-17  6.7e-16   1.0e+00   1.0e+00   1.0e+00   1000       26   1.00
Omega[55,1,1]     1.0e+00  2.1e-17  6.7e-16   1.0e+00   1.0e+00   1.0e+00   1000       26   1.00
Omega[55,1,2]     1.2e-03  1.5e-02  4.7e-01  -7.3e-01   1.6e-03   7.6e-01   1000       26   1.00
Omega[55,2,1]     1.2e-03  1.5e-02  4.7e-01  -7.3e-01   1.6e-03   7.6e-01   1000       26   1.00
Omega[55,2,2]     1.0e+00  2.1e-17  6.7e-16   1.0e+00   1.0e+00   1.0e+00   1000       26   1.00
Omega[56,1,1]     1.0e+00  2.1e-17  6.7e-16   1.0e+00   1.0e+00   1.0e+00   1000       26   1.00
Omega[56,1,2]     2.3e-02  1.4e-02  4.6e-01  -7.3e-01   3.1e-02   7.6e-01   1000       26   1.00
Omega[56,2,1]     2.3e-02  1.4e-02  4.6e-01  -7.3e-01   3.1e-02   7.6e-01   1000       26   1.00
Omega[56,2,2]     1.0e+00  2.1e-17  6.7e-16   1.0e+00   1.0e+00   1.0e+00   1000       26   1.00
Omega[57,1,1]     1.0e+00  2.1e-17  6.7e-16   1.0e+00   1.0e+00   1.0e+00   1000       26   1.00
Omega[57,1,2]    -1.1e-02  1.5e-02  4.8e-01  -7.9e-01  -1.9e-02   7.7e-01   1000       26    1.0
Omega[57,2,1]    -1.1e-02  1.5e-02  4.8e-01  -7.9e-01  -1.9e-02   7.7e-01   1000       26    1.0
Omega[57,2,2]     1.0e+00  2.1e-17  6.7e-16   1.0e+00   1.0e+00   1.0e+00   1000       26   1.00
Omega[58,1,1]     1.0e+00  2.1e-17  6.7e-16   1.0e+00   1.0e+00   1.0e+00   1000       26   1.00
Omega[58,1,2]     2.7e-04  1.5e-02  4.6e-01  -7.4e-01  -1.4e-02   7.5e-01   1000       26   1.00
Omega[58,2,1]     2.7e-04  1.5e-02  4.6e-01  -7.4e-01  -1.4e-02   7.5e-01   1000       26   1.00
Omega[58,2,2]     1.0e+00  2.1e-17  6.7e-16   1.0e+00   1.0e+00   1.0e+00   1000       26   1.00
Omega[59,1,1]     1.0e+00  2.1e-17  6.7e-16   1.0e+00   1.0e+00   1.0e+00   1000       26   1.00
Omega[59,1,2]    -1.9e-04  1.4e-02  4.4e-01  -7.4e-01  -4.2e-03   7.1e-01   1000       26   1.00
Omega[59,2,1]    -1.9e-04  1.4e-02  4.4e-01  -7.4e-01  -4.2e-03   7.1e-01   1000       26   1.00
Omega[59,2,2]     1.0e+00  2.1e-17  6.7e-16   1.0e+00   1.0e+00   1.0e+00   1000       26   1.00
Omega[60,1,1]     1.0e+00  2.1e-17  6.7e-16   1.0e+00   1.0e+00   1.0e+00   1000       26   1.00
Omega[60,1,2]     2.3e-03  1.4e-02  4.5e-01  -7.4e-01   1.2e-02   7.3e-01   1000       26   1.00
Omega[60,2,1]     2.3e-03  1.4e-02  4.5e-01  -7.4e-01   1.2e-02   7.3e-01   1000       26   1.00
Omega[60,2,2]     1.0e+00  2.1e-17  6.7e-16   1.0e+00   1.0e+00   1.0e+00   1000       26   1.00
Omega[61,1,1]     1.0e+00  2.1e-17  6.7e-16   1.0e+00   1.0e+00   1.0e+00   1000       26   1.00
Omega[61,1,2]     5.4e-03  1.4e-02  4.5e-01  -7.2e-01  -5.0e-03   7.4e-01   1000       26   1.00
Omega[61,2,1]     5.4e-03  1.4e-02  4.5e-01  -7.2e-01  -5.0e-03   7.4e-01   1000       26   1.00
Omega[61,2,2]     1.0e+00  2.1e-17  6.7e-16   1.0e+00   1.0e+00   1.0e+00   1000       26   1.00
Omega[62,1,1]     1.0e+00  2.1e-17  6.7e-16   1.0e+00   1.0e+00   1.0e+00   1000       26   1.00
Omega[62,1,2]    -1.3e-02  1.4e-02  4.5e-01  -7.4e-01  -2.2e-02   7.2e-01   1000       26   1.00
Omega[62,2,1]    -1.3e-02  1.4e-02  4.5e-01  -7.4e-01  -2.2e-02   7.2e-01   1000       26   1.00
Omega[62,2,2]     1.0e+00  2.1e-17  6.7e-16   1.0e+00   1.0e+00   1.0e+00   1000       26   1.00
Omega[63,1,1]     1.0e+00  2.1e-17  6.7e-16   1.0e+00   1.0e+00   1.0e+00   1000       26   1.00
Omega[63,1,2]    -1.0e-02  1.4e-02  4.3e-01  -7.3e-01  -9.6e-03   6.9e-01   1000       26   1.00
Omega[63,2,1]    -1.0e-02  1.4e-02  4.3e-01  -7.3e-01  -9.6e-03   6.9e-01   1000       26   1.00
Omega[63,2,2]     1.0e+00  2.1e-17  6.7e-16   1.0e+00   1.0e+00   1.0e+00   1000       26   1.00
Omega[64,1,1]     1.0e+00  2.1e-17  6.7e-16   1.0e+00   1.0e+00   1.0e+00   1000       26   1.00
Omega[64,1,2]    -2.1e-02  1.4e-02  4.4e-01  -7.3e-01  -1.5e-02   7.2e-01   1000       26   1.00
Omega[64,2,1]    -2.1e-02  1.4e-02  4.4e-01  -7.3e-01  -1.5e-02   7.2e-01   1000       26   1.00
Omega[64,2,2]     1.0e+00  2.1e-17  6.7e-16   1.0e+00   1.0e+00   1.0e+00   1000       26   1.00
Omega[65,1,1]     1.0e+00  2.1e-17  6.7e-16   1.0e+00   1.0e+00   1.0e+00   1000       26   1.00
Omega[65,1,2]     6.1e-03  1.5e-02  4.7e-01  -7.6e-01   2.0e-02   7.6e-01   1000       26    1.0
Omega[65,2,1]     6.1e-03  1.5e-02  4.7e-01  -7.6e-01   2.0e-02   7.6e-01   1000       26    1.0
Omega[65,2,2]     1.0e+00  2.1e-17  6.7e-16   1.0e+00   1.0e+00   1.0e+00   1000       26   1.00
Omega[66,1,1]     1.0e+00  2.1e-17  6.7e-16   1.0e+00   1.0e+00   1.0e+00   1000       26   1.00
Omega[66,1,2]     1.6e-03  1.4e-02  4.5e-01  -7.5e-01   1.4e-02   7.5e-01   1000       26   1.00
Omega[66,2,1]     1.6e-03  1.4e-02  4.5e-01  -7.5e-01   1.4e-02   7.5e-01   1000       26   1.00
Omega[66,2,2]     1.0e+00  2.1e-17  6.7e-16   1.0e+00   1.0e+00   1.0e+00   1000       26   1.00
Omega[67,1,1]     1.0e+00  2.1e-17  6.7e-16   1.0e+00   1.0e+00   1.0e+00   1000       26   1.00
Omega[67,1,2]    -3.2e-03  1.4e-02  4.4e-01  -7.0e-01  -9.2e-03   7.3e-01   1000       26   1.00
Omega[67,2,1]    -3.2e-03  1.4e-02  4.4e-01  -7.0e-01  -9.2e-03   7.3e-01   1000       26   1.00
Omega[67,2,2]     1.0e+00  2.1e-17  6.7e-16   1.0e+00   1.0e+00   1.0e+00   1000       26   1.00
Omega[68,1,1]     1.0e+00  2.1e-17  6.7e-16   1.0e+00   1.0e+00   1.0e+00   1000       26   1.00
Omega[68,1,2]     5.5e-03  1.4e-02  4.4e-01  -7.3e-01  -5.3e-03   7.4e-01   1000       26   1.00
Omega[68,2,1]     5.5e-03  1.4e-02  4.4e-01  -7.3e-01  -5.3e-03   7.4e-01   1000       26   1.00
Omega[68,2,2]     1.0e+00  2.1e-17  6.7e-16   1.0e+00   1.0e+00   1.0e+00   1000       26   1.00
Omega[69,1,1]     1.0e+00  2.1e-17  6.7e-16   1.0e+00   1.0e+00   1.0e+00   1000       26   1.00
Omega[69,1,2]    -7.2e-04  1.4e-02  4.5e-01  -7.6e-01   4.8e-03   7.3e-01   1000       26   1.00
Omega[69,2,1]    -7.2e-04  1.4e-02  4.5e-01  -7.6e-01   4.8e-03   7.3e-01   1000       26   1.00
Omega[69,2,2]     1.0e+00  2.1e-17  6.7e-16   1.0e+00   1.0e+00   1.0e+00   1000       26   1.00
Omega[70,1,1]     1.0e+00  2.1e-17  6.7e-16   1.0e+00   1.0e+00   1.0e+00   1000       26   1.00
Omega[70,1,2]     9.2e-05  1.4e-02  4.4e-01  -7.5e-01   4.9e-03   7.3e-01   1000       26   1.00
Omega[70,2,1]     9.2e-05  1.4e-02  4.4e-01  -7.5e-01   4.9e-03   7.3e-01   1000       26   1.00
Omega[70,2,2]     1.0e+00  2.1e-17  6.7e-16   1.0e+00   1.0e+00   1.0e+00   1000       26   1.00
Omega[71,1,1]     1.0e+00  2.1e-17  6.7e-16   1.0e+00   1.0e+00   1.0e+00   1000       26   1.00
Omega[71,1,2]     1.1e-02  1.4e-02  4.5e-01  -7.4e-01   1.9e-02   7.6e-01   1000       26   1.00
Omega[71,2,1]     1.1e-02  1.4e-02  4.5e-01  -7.4e-01   1.9e-02   7.6e-01   1000       26   1.00
Omega[71,2,2]     1.0e+00  2.1e-17  6.7e-16   1.0e+00   1.0e+00   1.0e+00   1000       26   1.00
Omega[72,1,1]     1.0e+00  2.1e-17  6.7e-16   1.0e+00   1.0e+00   1.0e+00   1000       26   1.00
Omega[72,1,2]     1.0e-02  1.4e-02  4.4e-01  -6.9e-01   2.2e-02   7.1e-01   1000       26    1.0
Omega[72,2,1]     1.0e-02  1.4e-02  4.4e-01  -6.9e-01   2.2e-02   7.1e-01   1000       26    1.0
Omega[72,2,2]     1.0e+00  2.1e-17  6.7e-16   1.0e+00   1.0e+00   1.0e+00   1000       26   1.00
Omega[73,1,1]     1.0e+00  2.1e-17  6.7e-16   1.0e+00   1.0e+00   1.0e+00   1000       26   1.00
Omega[73,1,2]    -7.4e-03  1.3e-02  4.1e-01  -6.8e-01  -1.1e-02   6.6e-01   1000       26   1.00
Omega[73,2,1]    -7.4e-03  1.3e-02  4.1e-01  -6.8e-01  -1.1e-02   6.6e-01   1000       26   1.00
Omega[73,2,2]     1.0e+00  2.1e-17  6.7e-16   1.0e+00   1.0e+00   1.0e+00   1000       26   1.00
Omega[74,1,1]     1.0e+00  2.1e-17  6.7e-16   1.0e+00   1.0e+00   1.0e+00   1000       26   1.00
Omega[74,1,2]    -4.6e-03  1.4e-02  4.6e-01  -7.5e-01  -4.2e-03   7.3e-01   1000       26   1.00
Omega[74,2,1]    -4.6e-03  1.4e-02  4.6e-01  -7.5e-01  -4.2e-03   7.3e-01   1000       26   1.00
Omega[74,2,2]     1.0e+00  2.1e-17  6.7e-16   1.0e+00   1.0e+00   1.0e+00   1000       26   1.00
Omega[75,1,1]     1.0e+00  2.1e-17  6.7e-16   1.0e+00   1.0e+00   1.0e+00   1000       26   1.00
Omega[75,1,2]    -9.2e-03  1.4e-02  4.5e-01  -7.4e-01   7.1e-03   7.3e-01   1000       26   1.00
Omega[75,2,1]    -9.2e-03  1.4e-02  4.5e-01  -7.4e-01   7.1e-03   7.3e-01   1000       26   1.00
Omega[75,2,2]     1.0e+00  2.1e-17  6.7e-16   1.0e+00   1.0e+00   1.0e+00   1000       26   1.00
Omega[76,1,1]     1.0e+00  2.1e-17  6.7e-16   1.0e+00   1.0e+00   1.0e+00   1000       26   1.00
Omega[76,1,2]     1.2e-02  1.3e-02  4.2e-01  -6.7e-01   5.4e-03   7.1e-01   1000       26   1.00
Omega[76,2,1]     1.2e-02  1.3e-02  4.2e-01  -6.7e-01   5.4e-03   7.1e-01   1000       26   1.00
Omega[76,2,2]     1.0e+00  2.1e-17  6.7e-16   1.0e+00   1.0e+00   1.0e+00   1000       26   1.00
Omega[77,1,1]     1.0e+00  2.1e-17  6.7e-16   1.0e+00   1.0e+00   1.0e+00   1000       26   1.00
Omega[77,1,2]     2.0e-03  1.4e-02  4.3e-01  -6.9e-01  -2.2e-02   7.1e-01   1000       26   1.00
Omega[77,2,1]     2.0e-03  1.4e-02  4.3e-01  -6.9e-01  -2.2e-02   7.1e-01   1000       26   1.00
Omega[77,2,2]     1.0e+00  2.1e-17  6.7e-16   1.0e+00   1.0e+00   1.0e+00   1000       26   1.00
Omega[78,1,1]     1.0e+00  2.1e-17  6.7e-16   1.0e+00   1.0e+00   1.0e+00   1000       26   1.00
Omega[78,1,2]     1.5e-02  1.5e-02  4.7e-01  -7.7e-01   2.6e-02   7.6e-01   1000       26   1.00
Omega[78,2,1]     1.5e-02  1.5e-02  4.7e-01  -7.7e-01   2.6e-02   7.6e-01   1000       26   1.00
Omega[78,2,2]     1.0e+00  2.1e-17  6.7e-16   1.0e+00   1.0e+00   1.0e+00   1000       26   1.00
Omega[79,1,1]     1.0e+00  2.1e-17  6.7e-16   1.0e+00   1.0e+00   1.0e+00   1000       26   1.00
Omega[79,1,2]     1.9e-03  1.3e-02  4.2e-01  -6.8e-01  -3.2e-03   7.0e-01   1000       26   1.00
Omega[79,2,1]     1.9e-03  1.3e-02  4.2e-01  -6.8e-01  -3.2e-03   7.0e-01   1000       26   1.00
Omega[79,2,2]     1.0e+00  2.1e-17  6.7e-16   1.0e+00   1.0e+00   1.0e+00   1000       26   1.00
Omega[80,1,1]     1.0e+00  2.1e-17  6.7e-16   1.0e+00   1.0e+00   1.0e+00   1000       26   1.00
Omega[80,1,2]    -1.0e-02  1.5e-02  4.6e-01  -7.6e-01  -1.4e-02   7.5e-01   1000       26   1.00
Omega[80,2,1]    -1.0e-02  1.5e-02  4.6e-01  -7.6e-01  -1.4e-02   7.5e-01   1000       26   1.00
Omega[80,2,2]     1.0e+00  2.1e-17  6.7e-16   1.0e+00   1.0e+00   1.0e+00   1000       26   1.00
Omega[81,1,1]     1.0e+00  2.1e-17  6.7e-16   1.0e+00   1.0e+00   1.0e+00   1000       26   1.00
Omega[81,1,2]     2.4e-03  1.4e-02  4.4e-01  -7.2e-01  -7.5e-03   7.4e-01   1000       26   1.00
Omega[81,2,1]     2.4e-03  1.4e-02  4.4e-01  -7.2e-01  -7.5e-03   7.4e-01   1000       26   1.00
Omega[81,2,2]     1.0e+00  2.1e-17  6.7e-16   1.0e+00   1.0e+00   1.0e+00   1000       26   1.00
Omega[82,1,1]     1.0e+00  2.1e-17  6.7e-16   1.0e+00   1.0e+00   1.0e+00   1000       26   1.00
Omega[82,1,2]    -6.8e-03  1.4e-02  4.6e-01  -7.4e-01  -1.1e-02   7.2e-01   1000       26   1.00
Omega[82,2,1]    -6.8e-03  1.4e-02  4.6e-01  -7.4e-01  -1.1e-02   7.2e-01   1000       26   1.00
Omega[82,2,2]     1.0e+00  2.1e-17  6.7e-16   1.0e+00   1.0e+00   1.0e+00   1000       26   1.00
Omega[83,1,1]     1.0e+00  2.1e-17  6.7e-16   1.0e+00   1.0e+00   1.0e+00   1000       26   1.00
Omega[83,1,2]     6.1e-03  1.4e-02  4.5e-01  -7.2e-01   1.3e-02   7.3e-01   1000       26   1.00
Omega[83,2,1]     6.1e-03  1.4e-02  4.5e-01  -7.2e-01   1.3e-02   7.3e-01   1000       26   1.00
Omega[83,2,2]     1.0e+00  2.1e-17  6.7e-16   1.0e+00   1.0e+00   1.0e+00   1000       26   1.00
Omega[84,1,1]     1.0e+00  2.1e-17  6.7e-16   1.0e+00   1.0e+00   1.0e+00   1000       26   1.00
Omega[84,1,2]    -1.9e-03  1.4e-02  4.3e-01  -7.1e-01  -8.4e-03   7.2e-01   1000       26   1.00
Omega[84,2,1]    -1.9e-03  1.4e-02  4.3e-01  -7.1e-01  -8.4e-03   7.2e-01   1000       26   1.00
Omega[84,2,2]     1.0e+00  2.1e-17  6.7e-16   1.0e+00   1.0e+00   1.0e+00   1000       26   1.00
Omega[85,1,1]     1.0e+00  2.1e-17  6.7e-16   1.0e+00   1.0e+00   1.0e+00   1000       26   1.00
Omega[85,1,2]    -1.1e-04  1.4e-02  4.5e-01  -7.1e-01  -1.8e-02   7.3e-01   1000       26    1.0
Omega[85,2,1]    -1.1e-04  1.4e-02  4.5e-01  -7.1e-01  -1.8e-02   7.3e-01   1000       26    1.0
Omega[85,2,2]     1.0e+00  2.1e-17  6.7e-16   1.0e+00   1.0e+00   1.0e+00   1000       26   1.00
Omega[86,1,1]     1.0e+00  2.1e-17  6.7e-16   1.0e+00   1.0e+00   1.0e+00   1000       26   1.00
Omega[86,1,2]     3.3e-04  1.4e-02  4.5e-01  -7.1e-01  -1.5e-02   7.4e-01   1000       26   1.00
Omega[86,2,1]     3.3e-04  1.4e-02  4.5e-01  -7.1e-01  -1.5e-02   7.4e-01   1000       26   1.00
Omega[86,2,2]     1.0e+00  2.1e-17  6.7e-16   1.0e+00   1.0e+00   1.0e+00   1000       26   1.00
Omega[87,1,1]     1.0e+00  2.1e-17  6.7e-16   1.0e+00   1.0e+00   1.0e+00   1000       26   1.00
Omega[87,1,2]     9.4e-03  1.4e-02  4.4e-01  -7.3e-01   1.8e-02   7.2e-01   1000       26   1.00
Omega[87,2,1]     9.4e-03  1.4e-02  4.4e-01  -7.3e-01   1.8e-02   7.2e-01   1000       26   1.00
Omega[87,2,2]     1.0e+00  2.1e-17  6.7e-16   1.0e+00   1.0e+00   1.0e+00   1000       26   1.00
Omega[88,1,1]     1.0e+00  2.1e-17  6.7e-16   1.0e+00   1.0e+00   1.0e+00   1000       26   1.00
Omega[88,1,2]     9.1e-03  1.3e-02  4.2e-01  -6.9e-01  -6.0e-03   7.0e-01   1000       26   1.00
Omega[88,2,1]     9.1e-03  1.3e-02  4.2e-01  -6.9e-01  -6.0e-03   7.0e-01   1000       26   1.00
Omega[88,2,2]     1.0e+00  2.1e-17  6.7e-16   1.0e+00   1.0e+00   1.0e+00   1000       26   1.00
Omega[89,1,1]     1.0e+00  2.1e-17  6.7e-16   1.0e+00   1.0e+00   1.0e+00   1000       26   1.00
Omega[89,1,2]    -2.9e-03  1.5e-02  4.6e-01  -7.4e-01  -1.6e-02   7.5e-01   1000       26   1.00
Omega[89,2,1]    -2.9e-03  1.5e-02  4.6e-01  -7.4e-01  -1.6e-02   7.5e-01   1000       26   1.00
Omega[89,2,2]     1.0e+00  2.1e-17  6.7e-16   1.0e+00   1.0e+00   1.0e+00   1000       26   1.00
Omega[90,1,1]     1.0e+00  2.1e-17  6.7e-16   1.0e+00   1.0e+00   1.0e+00   1000       26   1.00
Omega[90,1,2]    -7.3e-03  1.4e-02  4.5e-01  -7.6e-01  -6.7e-04   7.4e-01   1000       26   1.00
Omega[90,2,1]    -7.3e-03  1.4e-02  4.5e-01  -7.6e-01  -6.7e-04   7.4e-01   1000       26   1.00
Omega[90,2,2]     1.0e+00  2.1e-17  6.7e-16   1.0e+00   1.0e+00   1.0e+00   1000       26   1.00
Omega[91,1,1]     1.0e+00  2.1e-17  6.7e-16   1.0e+00   1.0e+00   1.0e+00   1000       26   1.00
Omega[91,1,2]    -1.0e-02  1.4e-02  4.4e-01  -7.4e-01  -7.0e-03   7.1e-01   1000       26   1.00
Omega[91,2,1]    -1.0e-02  1.4e-02  4.4e-01  -7.4e-01  -7.0e-03   7.1e-01   1000       26   1.00
Omega[91,2,2]     1.0e+00  2.1e-17  6.7e-16   1.0e+00   1.0e+00   1.0e+00   1000       26   1.00
Omega[92,1,1]     1.0e+00  2.1e-17  6.7e-16   1.0e+00   1.0e+00   1.0e+00   1000       26   1.00
Omega[92,1,2]    -1.8e-02  1.4e-02  4.4e-01  -6.8e-01  -4.2e-02   7.0e-01   1000       26   1.00
Omega[92,2,1]    -1.8e-02  1.4e-02  4.4e-01  -6.8e-01  -4.2e-02   7.0e-01   1000       26   1.00
Omega[92,2,2]     1.0e+00  2.1e-17  6.7e-16   1.0e+00   1.0e+00   1.0e+00   1000       26   1.00
Omega[93,1,1]     1.0e+00  2.1e-17  6.7e-16   1.0e+00   1.0e+00   1.0e+00   1000       26   1.00
Omega[93,1,2]     1.3e-02  1.4e-02  4.3e-01  -7.0e-01   1.7e-02   7.1e-01   1000       26   1.00
Omega[93,2,1]     1.3e-02  1.4e-02  4.3e-01  -7.0e-01   1.7e-02   7.1e-01   1000       26   1.00
Omega[93,2,2]     1.0e+00  2.1e-17  6.7e-16   1.0e+00   1.0e+00   1.0e+00   1000       26   1.00
Omega[94,1,1]     1.0e+00  2.1e-17  6.7e-16   1.0e+00   1.0e+00   1.0e+00   1000       26   1.00
Omega[94,1,2]    -1.8e-03  1.5e-02  4.6e-01  -7.7e-01  -2.8e-03   7.5e-01   1000       26   1.00
Omega[94,2,1]    -1.8e-03  1.5e-02  4.6e-01  -7.7e-01  -2.8e-03   7.5e-01   1000       26   1.00
Omega[94,2,2]     1.0e+00  2.1e-17  6.7e-16   1.0e+00   1.0e+00   1.0e+00   1000       26   1.00
Omega[95,1,1]     1.0e+00  2.1e-17  6.7e-16   1.0e+00   1.0e+00   1.0e+00   1000       26   1.00
Omega[95,1,2]     2.3e-02  1.4e-02  4.3e-01  -6.6e-01   2.0e-02   7.2e-01   1000       26   1.00
Omega[95,2,1]     2.3e-02  1.4e-02  4.3e-01  -6.6e-01   2.0e-02   7.2e-01   1000       26   1.00
Omega[95,2,2]     1.0e+00  2.1e-17  6.7e-16   1.0e+00   1.0e+00   1.0e+00   1000       26   1.00
Omega[96,1,1]     1.0e+00  2.1e-17  6.7e-16   1.0e+00   1.0e+00   1.0e+00   1000       26   1.00
Omega[96,1,2]    -7.7e-03  1.4e-02  4.5e-01  -7.4e-01  -1.0e-02   7.3e-01   1000       26   1.00
Omega[96,2,1]    -7.7e-03  1.4e-02  4.5e-01  -7.4e-01  -1.0e-02   7.3e-01   1000       26   1.00
Omega[96,2,2]     1.0e+00  2.1e-17  6.7e-16   1.0e+00   1.0e+00   1.0e+00   1000       26   1.00
Omega[97,1,1]     1.0e+00  2.1e-17  6.7e-16   1.0e+00   1.0e+00   1.0e+00   1000       26   1.00
Omega[97,1,2]    -4.4e-04  1.4e-02  4.5e-01  -7.6e-01   6.8e-03   7.4e-01   1000       26    1.0
Omega[97,2,1]    -4.4e-04  1.4e-02  4.5e-01  -7.6e-01   6.8e-03   7.4e-01   1000       26    1.0
Omega[97,2,2]     1.0e+00  2.1e-17  6.7e-16   1.0e+00   1.0e+00   1.0e+00   1000       26   1.00
Omega[98,1,1]     1.0e+00  2.1e-17  6.7e-16   1.0e+00   1.0e+00   1.0e+00   1000       26   1.00
Omega[98,1,2]    -1.2e-02  1.4e-02  4.5e-01  -7.5e-01  -2.5e-02   7.0e-01   1000       26   1.00
Omega[98,2,1]    -1.2e-02  1.4e-02  4.5e-01  -7.5e-01  -2.5e-02   7.0e-01   1000       26   1.00
Omega[98,2,2]     1.0e+00  2.1e-17  6.7e-16   1.0e+00   1.0e+00   1.0e+00   1000       26   1.00
Omega[99,1,1]     1.0e+00  2.1e-17  6.7e-16   1.0e+00   1.0e+00   1.0e+00   1000       26   1.00
Omega[99,1,2]     1.7e-02  1.4e-02  4.4e-01  -7.1e-01   2.7e-02   7.3e-01   1000       26    1.0
Omega[99,2,1]     1.7e-02  1.4e-02  4.4e-01  -7.1e-01   2.7e-02   7.3e-01   1000       26    1.0
Omega[99,2,2]     1.0e+00  2.1e-17  6.7e-16   1.0e+00   1.0e+00   1.0e+00   1000       26   1.00
Omega[100,1,1]    1.0e+00  2.1e-17  6.7e-16   1.0e+00   1.0e+00   1.0e+00   1000       26   1.00
Omega[100,1,2]   -1.0e-02  1.4e-02  4.5e-01  -7.3e-01  -2.5e-02   7.1e-01   1000       26   1.00
Omega[100,2,1]   -1.0e-02  1.4e-02  4.5e-01  -7.3e-01  -2.5e-02   7.1e-01   1000       26   1.00
Omega[100,2,2]    1.0e+00  2.1e-17  6.7e-16   1.0e+00   1.0e+00   1.0e+00   1000       26   1.00
tau[1,1]          8.1e-01  2.0e-02  6.2e-01   4.9e-02   6.9e-01   2.0e+00   1000       26   1.00
tau[1,2]          7.6e-01  1.9e-02  6.0e-01   4.5e-02   6.3e-01   1.9e+00   1000       26   1.00
tau[2,1]          8.1e-01  1.9e-02  6.1e-01   6.2e-02   6.9e-01   1.9e+00   1000       26   1.00
tau[2,2]          8.1e-01  1.9e-02  6.0e-01   5.5e-02   7.1e-01   1.9e+00   1000       26   1.00
tau[3,1]          8.1e-01  1.8e-02  5.8e-01   8.5e-02   7.1e-01   1.9e+00   1000       26   1.00
tau[3,2]          7.9e-01  1.9e-02  6.0e-01   5.6e-02   6.8e-01   1.9e+00   1000       26   1.00
tau[4,1]          7.9e-01  1.7e-02  5.5e-01   7.5e-02   7.1e-01   1.8e+00   1000       26   1.00
tau[4,2]          8.2e-01  1.9e-02  5.9e-01   6.7e-02   7.3e-01   1.9e+00   1000       26   1.00
tau[5,1]          7.8e-01  1.9e-02  6.0e-01   3.9e-02   6.4e-01   1.9e+00   1000       26    1.0
tau[5,2]          7.9e-01  2.0e-02  6.2e-01   5.8e-02   6.6e-01   2.0e+00   1000       26    1.0
tau[6,1]          8.1e-01  2.0e-02  6.3e-01   6.4e-02   6.9e-01   2.1e+00   1000       26    1.0
tau[6,2]          8.1e-01  1.9e-02  6.0e-01   6.0e-02   6.9e-01   2.0e+00   1000       26   1.00
tau[7,1]          8.1e-01  2.1e-02  6.6e-01   5.8e-02   6.3e-01   2.1e+00   1000       26   1.00
tau[7,2]          7.8e-01  1.9e-02  6.1e-01   5.7e-02   6.4e-01   2.0e+00   1000       26   1.00
tau[8,1]          7.8e-01  1.9e-02  6.1e-01   6.2e-02   6.7e-01   2.0e+00   1000       26   1.00
tau[8,2]          8.1e-01  1.9e-02  6.0e-01   6.6e-02   7.1e-01   2.0e+00   1000       26   1.00
tau[9,1]          8.0e-01  1.9e-02  5.9e-01   7.8e-02   6.6e-01   1.9e+00   1000       26   1.00
tau[9,2]          8.0e-01  1.9e-02  6.0e-01   7.1e-02   6.7e-01   1.9e+00   1000       26   1.00
tau[10,1]         8.0e-01  1.9e-02  6.2e-01   5.3e-02   6.8e-01   2.0e+00   1000       26   1.00
tau[10,2]         8.0e-01  2.0e-02  6.3e-01   6.4e-02   6.5e-01   2.1e+00   1000       26    1.0
tau[11,1]         8.3e-01  1.9e-02  6.0e-01   9.2e-02   7.2e-01   2.0e+00   1000       26    1.0
tau[11,2]         7.9e-01  1.9e-02  6.0e-01   6.6e-02   6.8e-01   1.9e+00   1000       26    1.0
tau[12,1]         8.0e-01  1.9e-02  6.1e-01   5.4e-02   6.7e-01   2.0e+00   1000       26   1.00
tau[12,2]         8.1e-01  1.9e-02  6.0e-01   7.2e-02   6.9e-01   2.0e+00   1000       26   1.00
tau[13,1]         8.1e-01  1.9e-02  6.1e-01   6.8e-02   7.0e-01   2.0e+00   1000       26   1.00
tau[13,2]         8.2e-01  1.8e-02  5.8e-01   8.0e-02   7.3e-01   1.9e+00   1000       26   1.00
tau[14,1]         7.7e-01  1.9e-02  6.0e-01   4.4e-02   6.5e-01   2.0e+00   1000       26   1.00
tau[14,2]         8.1e-01  2.0e-02  6.4e-01   5.0e-02   6.5e-01   2.1e+00   1000       26   1.00
tau[15,1]         8.2e-01  1.9e-02  6.1e-01   6.0e-02   6.8e-01   2.0e+00   1000       26   1.00
tau[15,2]         8.0e-01  1.9e-02  5.9e-01   5.4e-02   7.0e-01   1.9e+00   1000       26   1.00
tau[16,1]         7.9e-01  2.0e-02  6.5e-01   5.7e-02   6.2e-01   2.2e+00   1000       26   1.00
tau[16,2]         8.1e-01  2.0e-02  6.3e-01   6.7e-02   6.6e-01   2.1e+00   1000       26    1.0
tau[17,1]         8.0e-01  1.9e-02  5.9e-01   6.4e-02   6.9e-01   1.9e+00   1000       26    1.0
tau[17,2]         7.7e-01  1.8e-02  5.6e-01   9.5e-02   6.6e-01   1.9e+00   1000       26   1.00
tau[18,1]         7.9e-01  1.9e-02  6.0e-01   7.6e-02   6.9e-01   2.0e+00   1000       26    1.0
tau[18,2]         8.2e-01  1.9e-02  6.0e-01   8.2e-02   7.2e-01   2.0e+00   1000       26   1.00
tau[19,1]         8.0e-01  1.9e-02  6.1e-01   6.8e-02   6.9e-01   2.0e+00   1000       26    1.0
tau[19,2]         8.0e-01  1.9e-02  5.9e-01   4.6e-02   7.0e-01   1.9e+00   1000       26   1.00
tau[20,1]         7.9e-01  1.8e-02  5.7e-01   6.3e-02   6.9e-01   1.9e+00   1000       26    1.0
tau[20,2]         8.1e-01  2.0e-02  6.4e-01   5.7e-02   7.0e-01   2.1e+00   1000       26    1.0
tau[21,1]         8.3e-01  1.8e-02  5.7e-01   6.8e-02   7.6e-01   1.9e+00   1000       26   1.00
tau[21,2]         8.1e-01  1.8e-02  5.8e-01   8.1e-02   7.2e-01   2.0e+00   1000       26    1.0
tau[22,1]         8.3e-01  1.8e-02  5.7e-01   9.5e-02   7.2e-01   1.9e+00   1000       26    1.0
tau[22,2]         7.8e-01  1.9e-02  6.0e-01   5.5e-02   6.5e-01   1.9e+00   1000       26   1.00
tau[23,1]         7.8e-01  2.0e-02  6.4e-01   2.9e-02   6.5e-01   2.1e+00   1000       26   1.00
tau[23,2]         7.8e-01  1.9e-02  6.2e-01   4.6e-02   6.6e-01   2.0e+00   1000       26   1.00
tau[24,1]         7.6e-01  1.8e-02  5.8e-01   6.4e-02   6.1e-01   1.9e+00   1000       26   1.00
tau[24,2]         7.8e-01  2.0e-02  6.2e-01   5.3e-02   6.4e-01   2.0e+00   1000       26    1.0
tau[25,1]         8.0e-01  1.9e-02  5.9e-01   8.2e-02   6.9e-01   1.9e+00   1000       26   1.00
tau[25,2]         8.0e-01  1.9e-02  6.1e-01   6.5e-02   6.6e-01   2.0e+00   1000       26    1.0
tau[26,1]         8.0e-01  1.9e-02  5.9e-01   6.0e-02   7.0e-01   1.9e+00   1000       26   1.00
tau[26,2]         8.0e-01  1.9e-02  5.9e-01   6.6e-02   6.9e-01   1.9e+00   1000       26    1.0
tau[27,1]         8.0e-01  1.9e-02  6.1e-01   6.2e-02   6.7e-01   1.9e+00   1000       26   1.00
tau[27,2]         8.1e-01  1.8e-02  5.8e-01   8.6e-02   6.9e-01   2.0e+00   1000       26   1.00
tau[28,1]         8.0e-01  1.9e-02  6.1e-01   5.3e-02   6.8e-01   2.0e+00   1000       26    1.0
tau[28,2]         8.0e-01  2.1e-02  6.5e-01   4.4e-02   6.3e-01   2.0e+00   1000       26   1.00
tau[29,1]         7.9e-01  1.8e-02  5.7e-01   8.3e-02   6.7e-01   1.9e+00   1000       26   1.00
tau[29,2]         8.2e-01  2.0e-02  6.3e-01   5.3e-02   6.9e-01   2.0e+00   1000       26    1.0
tau[30,1]         7.9e-01  1.8e-02  5.8e-01   6.6e-02   7.0e-01   1.9e+00   1000       26   1.00
tau[30,2]         7.8e-01  1.9e-02  6.1e-01   5.5e-02   6.7e-01   1.9e+00   1000       26   1.00
tau[31,1]         7.9e-01  1.8e-02  5.8e-01   7.7e-02   6.7e-01   1.9e+00   1000       26    1.0
tau[31,2]         7.9e-01  1.9e-02  6.0e-01   5.2e-02   6.6e-01   2.0e+00   1000       26   1.00
tau[32,1]         7.8e-01  1.9e-02  5.9e-01   4.7e-02   6.3e-01   1.9e+00   1000       26   1.00
tau[32,2]         8.1e-01  2.0e-02  6.2e-01   7.2e-02   6.7e-01   2.0e+00   1000       26   1.00
tau[33,1]         7.8e-01  1.9e-02  6.0e-01   6.2e-02   6.5e-01   1.9e+00   1000       26   1.00
tau[33,2]         8.2e-01  1.9e-02  5.9e-01   6.1e-02   7.2e-01   1.9e+00   1000       26   1.00
tau[34,1]         8.1e-01  1.8e-02  5.8e-01   7.9e-02   7.0e-01   1.9e+00   1000       26   1.00
tau[34,2]         7.9e-01  1.9e-02  5.9e-01   6.3e-02   6.7e-01   1.9e+00   1000       26    1.0
tau[35,1]         8.1e-01  1.9e-02  6.1e-01   6.1e-02   6.7e-01   2.0e+00   1000       26   1.00
tau[35,2]         8.0e-01  2.0e-02  6.3e-01   4.8e-02   6.7e-01   2.1e+00   1000       26    1.0
tau[36,1]         7.7e-01  1.9e-02  6.0e-01   6.9e-02   6.2e-01   2.0e+00   1000       26   1.00
tau[36,2]         7.7e-01  1.8e-02  5.6e-01   5.6e-02   6.8e-01   1.8e+00   1000       26   1.00
tau[37,1]         8.0e-01  1.9e-02  6.1e-01   4.3e-02   6.8e-01   1.9e+00   1000       26   1.00
tau[37,2]         8.3e-01  1.9e-02  6.0e-01   8.0e-02   7.3e-01   2.0e+00   1000       26   1.00
tau[38,1]         7.9e-01  1.9e-02  6.1e-01   5.3e-02   6.5e-01   2.0e+00   1000       26    1.0
tau[38,2]         8.0e-01  1.9e-02  5.9e-01   5.9e-02   7.0e-01   1.9e+00   1000       26   1.00
tau[39,1]         7.8e-01  1.8e-02  5.8e-01   7.6e-02   6.5e-01   1.9e+00   1000       26   1.00
tau[39,2]         8.2e-01  2.0e-02  6.2e-01   6.4e-02   6.9e-01   2.0e+00   1000       26    1.0
tau[40,1]         8.2e-01  1.8e-02  5.7e-01   8.8e-02   7.0e-01   1.9e+00   1000       26   1.00
tau[40,2]         7.6e-01  2.0e-02  6.3e-01   5.3e-02   5.9e-01   2.0e+00   1000       26    1.0
tau[41,1]         7.6e-01  1.9e-02  5.9e-01   7.0e-02   6.1e-01   1.9e+00   1000       26    1.0
tau[41,2]         8.0e-01  1.9e-02  6.0e-01   6.1e-02   6.9e-01   1.9e+00   1000       26   1.00
tau[42,1]         7.8e-01  1.9e-02  6.2e-01   6.5e-02   6.6e-01   1.9e+00   1000       26   1.00
tau[42,2]         8.1e-01  1.8e-02  5.8e-01   7.5e-02   6.9e-01   1.8e+00   1000       26   1.00
tau[43,1]         7.9e-01  1.9e-02  6.2e-01   4.5e-02   6.6e-01   2.0e+00   1000       26   1.00
tau[43,2]         8.1e-01  1.8e-02  5.7e-01   7.6e-02   7.1e-01   1.9e+00   1000       26   1.00
tau[44,1]         7.7e-01  1.9e-02  6.0e-01   4.4e-02   6.5e-01   1.9e+00   1000       26   1.00
tau[44,2]         7.9e-01  1.9e-02  6.0e-01   7.8e-02   6.7e-01   2.0e+00   1000       26    1.0
tau[45,1]         8.0e-01  1.8e-02  5.7e-01   7.9e-02   6.9e-01   1.9e+00   1000       26   1.00
tau[45,2]         8.0e-01  1.8e-02  5.7e-01   7.4e-02   7.1e-01   1.9e+00   1000       26   1.00
tau[46,1]         8.1e-01  1.9e-02  6.1e-01   7.5e-02   7.2e-01   2.0e+00   1000       26    1.0
tau[46,2]         8.0e-01  1.8e-02  5.6e-01   8.9e-02   6.9e-01   1.9e+00   1000       26   1.00
tau[47,1]         7.9e-01  1.9e-02  5.9e-01   6.6e-02   6.6e-01   1.9e+00   1000       26   1.00
tau[47,2]         7.7e-01  1.9e-02  6.0e-01   5.4e-02   6.4e-01   1.9e+00   1000       26   1.00
tau[48,1]         7.9e-01  1.8e-02  5.7e-01   7.2e-02   6.9e-01   1.8e+00   1000       26   1.00
tau[48,2]         7.8e-01  1.9e-02  6.1e-01   6.7e-02   6.6e-01   2.0e+00   1000       26   1.00
tau[49,1]         8.0e-01  1.8e-02  5.5e-01   6.5e-02   7.0e-01   1.8e+00   1000       26   1.00
tau[49,2]         8.1e-01  1.9e-02  5.9e-01   8.2e-02   6.8e-01   1.9e+00   1000       26   1.00
tau[50,1]         8.1e-01  1.9e-02  5.9e-01   8.1e-02   7.1e-01   1.9e+00   1000       26   1.00
tau[50,2]         7.8e-01  2.0e-02  6.2e-01   4.7e-02   6.4e-01   2.0e+00   1000       26   1.00
tau[51,1]         8.1e-01  1.9e-02  6.1e-01   6.5e-02   6.8e-01   2.0e+00   1000       26   1.00
tau[51,2]         7.8e-01  2.0e-02  6.2e-01   5.7e-02   6.3e-01   2.0e+00   1000       26   1.00
tau[52,1]         8.1e-01  1.9e-02  6.0e-01   7.3e-02   7.0e-01   2.0e+00   1000       26   1.00
tau[52,2]         7.9e-01  2.0e-02  6.4e-01   5.5e-02   6.3e-01   2.0e+00   1000       26    1.0
tau[53,1]         8.1e-01  2.0e-02  6.3e-01   6.4e-02   6.8e-01   2.0e+00   1000       26   1.00
tau[53,2]         8.1e-01  1.9e-02  5.9e-01   7.3e-02   7.0e-01   1.9e+00   1000       26    1.0
tau[54,1]         7.9e-01  2.0e-02  6.3e-01   4.1e-02   6.7e-01   2.0e+00   1000       26   1.00
tau[54,2]         8.0e-01  1.9e-02  6.1e-01   6.0e-02   6.6e-01   2.0e+00   1000       26    1.0
tau[55,1]         8.3e-01  1.9e-02  6.1e-01   7.5e-02   7.1e-01   2.0e+00   1000       26   1.00
tau[55,2]         8.1e-01  2.0e-02  6.4e-01   4.8e-02   6.8e-01   2.0e+00   1000       26    1.0
tau[56,1]         7.9e-01  1.9e-02  6.0e-01   6.2e-02   6.6e-01   1.9e+00   1000       26    1.0
tau[56,2]         8.3e-01  1.9e-02  5.9e-01   6.6e-02   7.3e-01   1.9e+00   1000       26    1.0
tau[57,1]         7.9e-01  2.0e-02  6.3e-01   5.3e-02   6.6e-01   2.1e+00   1000       26   1.00
tau[57,2]         8.1e-01  1.9e-02  6.2e-01   7.5e-02   6.8e-01   2.0e+00   1000       26    1.0
tau[58,1]         8.0e-01  1.9e-02  5.9e-01   7.8e-02   6.8e-01   2.0e+00   1000       26   1.00
tau[58,2]         7.9e-01  1.9e-02  5.9e-01   5.2e-02   6.9e-01   1.9e+00   1000       26    1.0
tau[59,1]         8.1e-01  1.9e-02  5.9e-01   5.7e-02   7.1e-01   2.0e+00   1000       26   1.00
tau[59,2]         7.8e-01  2.0e-02  6.3e-01   5.1e-02   6.2e-01   2.0e+00   1000       26   1.00
tau[60,1]         7.9e-01  1.8e-02  5.8e-01   5.8e-02   6.8e-01   1.9e+00   1000       26   1.00
tau[60,2]         7.8e-01  2.0e-02  6.2e-01   5.5e-02   6.5e-01   2.0e+00   1000       26   1.00
tau[61,1]         8.1e-01  1.9e-02  6.0e-01   5.7e-02   6.9e-01   1.9e+00   1000       26    1.0
tau[61,2]         8.2e-01  1.9e-02  6.1e-01   7.4e-02   7.0e-01   2.0e+00   1000       26    1.0
tau[62,1]         8.4e-01  1.9e-02  6.1e-01   7.1e-02   7.1e-01   2.0e+00   1000       26    1.0
tau[62,2]         7.6e-01  1.9e-02  5.9e-01   6.7e-02   6.2e-01   1.9e+00   1000       26   1.00
tau[63,1]         7.8e-01  1.9e-02  6.0e-01   4.5e-02   6.6e-01   1.9e+00   1000       26   1.00
tau[63,2]         8.2e-01  1.9e-02  6.1e-01   5.7e-02   6.9e-01   2.0e+00   1000       26   1.00
tau[64,1]         8.0e-01  1.9e-02  6.0e-01   6.4e-02   7.2e-01   2.0e+00   1000       26   1.00
tau[64,2]         8.1e-01  1.9e-02  6.1e-01   7.0e-02   7.1e-01   2.0e+00   1000       26   1.00
tau[65,1]         7.9e-01  1.9e-02  5.9e-01   5.9e-02   6.7e-01   2.0e+00   1000       26   1.00
tau[65,2]         7.8e-01  1.9e-02  5.9e-01   7.9e-02   6.4e-01   2.0e+00   1000       26   1.00
tau[66,1]         8.1e-01  1.9e-02  5.9e-01   6.8e-02   7.1e-01   1.9e+00   1000       26   1.00
tau[66,2]         8.2e-01  1.9e-02  6.1e-01   6.8e-02   7.1e-01   2.0e+00   1000       26    1.0
tau[67,1]         7.8e-01  2.0e-02  6.3e-01   5.6e-02   6.3e-01   2.0e+00   1000       26   1.00
tau[67,2]         7.9e-01  1.9e-02  5.9e-01   4.2e-02   6.8e-01   1.9e+00   1000       26   1.00
tau[68,1]         7.8e-01  1.9e-02  6.0e-01   5.5e-02   6.5e-01   1.9e+00   1000       26    1.0
tau[68,2]         8.2e-01  1.9e-02  5.9e-01   8.3e-02   7.0e-01   1.9e+00   1000       26    1.0
tau[69,1]         8.0e-01  1.8e-02  5.7e-01   7.9e-02   7.0e-01   1.9e+00   1000       26   1.00
tau[69,2]         7.9e-01  1.9e-02  6.1e-01   5.0e-02   6.4e-01   2.0e+00   1000       26   1.00
tau[70,1]         8.2e-01  2.0e-02  6.4e-01   6.6e-02   6.9e-01   2.1e+00   1000       26    1.0
tau[70,2]         8.2e-01  1.9e-02  5.9e-01   6.9e-02   7.1e-01   1.9e+00   1000       26   1.00
tau[71,1]         7.9e-01  1.9e-02  6.0e-01   7.3e-02   6.8e-01   1.9e+00   1000       26    1.0
tau[71,2]         7.8e-01  2.0e-02  6.2e-01   7.2e-02   6.4e-01   2.0e+00   1000       26   1.00
tau[72,1]         7.8e-01  1.8e-02  5.8e-01   5.4e-02   6.8e-01   1.9e+00   1000       26   1.00
tau[72,2]         8.0e-01  1.9e-02  6.0e-01   7.0e-02   6.8e-01   1.9e+00   1000       26    1.0
tau[73,1]         8.3e-01  2.0e-02  6.4e-01   6.2e-02   6.9e-01   2.0e+00   1000       26    1.0
tau[73,2]         7.8e-01  1.9e-02  6.1e-01   5.5e-02   6.4e-01   2.0e+00   1000       26   1.00
tau[74,1]         7.7e-01  1.8e-02  5.8e-01   4.4e-02   6.7e-01   1.8e+00   1000       26    1.0
tau[74,2]         8.0e-01  1.8e-02  5.8e-01   6.4e-02   6.6e-01   1.9e+00   1000       26    1.0
tau[75,1]         8.0e-01  2.0e-02  6.3e-01   5.8e-02   6.6e-01   2.0e+00   1000       26    1.0
tau[75,2]         7.7e-01  2.0e-02  6.2e-01   3.3e-02   6.2e-01   1.9e+00   1000       26    1.0
tau[76,1]         8.2e-01  2.0e-02  6.4e-01   7.0e-02   6.5e-01   2.1e+00   1000       26   1.00
tau[76,2]         8.0e-01  2.1e-02  6.5e-01   4.7e-02   6.6e-01   2.1e+00   1000       26    1.0
tau[77,1]         8.1e-01  2.0e-02  6.2e-01   6.4e-02   6.7e-01   2.0e+00   1000       26   1.00
tau[77,2]         8.0e-01  1.9e-02  6.1e-01   6.3e-02   6.6e-01   2.0e+00   1000       26   1.00
tau[78,1]         8.2e-01  1.9e-02  6.1e-01   5.2e-02   7.0e-01   2.0e+00   1000       26   1.00
tau[78,2]         8.0e-01  1.9e-02  6.1e-01   4.5e-02   7.0e-01   2.0e+00   1000       26   1.00
tau[79,1]         8.3e-01  1.9e-02  6.2e-01   5.8e-02   7.1e-01   2.0e+00   1000       26   1.00
tau[79,2]         8.0e-01  1.9e-02  5.9e-01   5.7e-02   6.8e-01   2.0e+00   1000       26   1.00
tau[80,1]         8.0e-01  2.0e-02  6.2e-01   5.2e-02   6.7e-01   2.0e+00   1000       26   1.00
tau[80,2]         7.9e-01  2.0e-02  6.3e-01   4.8e-02   6.4e-01   2.1e+00   1000       26    1.0
tau[81,1]         7.9e-01  1.8e-02  5.5e-01   6.6e-02   6.8e-01   1.8e+00   1000       26    1.0
tau[81,2]         7.8e-01  1.9e-02  6.0e-01   6.0e-02   6.7e-01   2.0e+00   1000       26   1.00
tau[82,1]         8.2e-01  1.8e-02  5.7e-01   9.5e-02   7.0e-01   1.9e+00   1000       26   1.00
tau[82,2]         8.0e-01  1.9e-02  6.0e-01   6.4e-02   7.1e-01   2.0e+00   1000       26   1.00
tau[83,1]         8.1e-01  1.8e-02  5.6e-01   1.0e-01   7.1e-01   1.9e+00   1000       26   1.00
tau[83,2]         7.6e-01  1.9e-02  6.0e-01   3.7e-02   6.4e-01   1.9e+00   1000       26   1.00
tau[84,1]         7.8e-01  1.9e-02  6.0e-01   6.4e-02   6.6e-01   1.9e+00   1000       26   1.00
tau[84,2]         8.0e-01  1.9e-02  6.0e-01   5.1e-02   6.9e-01   2.0e+00   1000       26   1.00
tau[85,1]         8.3e-01  1.9e-02  6.2e-01   8.1e-02   7.1e-01   2.0e+00   1000       26   1.00
tau[85,2]         8.1e-01  1.9e-02  6.0e-01   8.3e-02   6.8e-01   2.0e+00   1000       26   1.00
tau[86,1]         7.6e-01  1.9e-02  6.0e-01   6.1e-02   6.3e-01   2.0e+00   1000       26    1.0
tau[86,2]         8.1e-01  1.9e-02  6.0e-01   8.3e-02   6.7e-01   2.0e+00   1000       26    1.0
tau[87,1]         7.9e-01  1.9e-02  6.0e-01   6.2e-02   7.1e-01   2.0e+00   1000       26    1.0
tau[87,2]         8.1e-01  1.9e-02  5.9e-01   7.6e-02   6.8e-01   1.9e+00   1000       26   1.00
tau[88,1]         8.0e-01  2.0e-02  6.3e-01   6.1e-02   6.5e-01   2.1e+00   1000       26   1.00
tau[88,2]         7.9e-01  1.9e-02  6.1e-01   4.3e-02   6.8e-01   1.9e+00   1000       26   1.00
tau[89,1]         8.1e-01  1.9e-02  6.1e-01   7.2e-02   6.9e-01   2.0e+00   1000       26   1.00
tau[89,2]         8.0e-01  1.9e-02  5.9e-01   7.8e-02   6.8e-01   2.0e+00   1000       26   1.00
tau[90,1]         7.7e-01  2.0e-02  6.3e-01   4.0e-02   6.0e-01   2.0e+00   1000       26   1.00
tau[90,2]         7.9e-01  1.9e-02  5.9e-01   6.1e-02   6.9e-01   1.9e+00   1000       26   1.00
tau[91,1]         8.0e-01  1.8e-02  5.8e-01   6.2e-02   6.9e-01   1.9e+00   1000       26    1.0
tau[91,2]         8.0e-01  2.0e-02  6.3e-01   4.7e-02   6.8e-01   2.0e+00   1000       26   1.00
tau[92,1]         7.7e-01  2.0e-02  6.2e-01   4.1e-02   6.6e-01   2.0e+00   1000       26   1.00
tau[92,2]         8.0e-01  1.9e-02  5.9e-01   5.1e-02   6.9e-01   1.9e+00   1000       26   1.00
tau[93,1]         7.9e-01  2.0e-02  6.2e-01   5.7e-02   6.3e-01   2.0e+00   1000       26   1.00
tau[93,2]         8.2e-01  1.9e-02  6.1e-01   7.1e-02   7.0e-01   2.0e+00   1000       26    1.0
tau[94,1]         7.9e-01  1.8e-02  5.7e-01   5.6e-02   7.1e-01   1.9e+00   1000       26   1.00
tau[94,2]         7.6e-01  1.9e-02  6.0e-01   5.4e-02   6.4e-01   1.9e+00   1000       26   1.00
tau[95,1]         8.0e-01  2.0e-02  6.2e-01   6.3e-02   6.7e-01   2.0e+00   1000       26   1.00
tau[95,2]         8.0e-01  1.9e-02  6.2e-01   7.0e-02   6.6e-01   2.1e+00   1000       26   1.00
tau[96,1]         7.9e-01  1.9e-02  6.0e-01   5.3e-02   6.8e-01   1.9e+00   1000       26   1.00
tau[96,2]         7.9e-01  1.9e-02  6.0e-01   6.8e-02   6.5e-01   2.0e+00   1000       26   1.00
tau[97,1]         8.1e-01  2.0e-02  6.3e-01   6.1e-02   6.6e-01   2.1e+00   1000       26   1.00
tau[97,2]         8.0e-01  1.9e-02  5.9e-01   9.3e-02   6.7e-01   2.0e+00   1000       26   1.00
tau[98,1]         8.0e-01  1.9e-02  5.9e-01   6.3e-02   6.7e-01   1.9e+00   1000       26   1.00
tau[98,2]         7.7e-01  2.0e-02  6.3e-01   4.4e-02   6.3e-01   2.0e+00   1000       26   1.00
tau[99,1]         7.6e-01  1.8e-02  5.7e-01   6.0e-02   6.4e-01   1.9e+00   1000       26   1.00
tau[99,2]         7.9e-01  1.9e-02  6.2e-01   3.7e-02   6.6e-01   2.0e+00   1000       26    1.0
tau[100,1]        8.0e-01  2.0e-02  6.2e-01   6.8e-02   6.5e-01   2.0e+00   1000       26   1.00
tau[100,2]        8.1e-01  1.9e-02  6.2e-01   7.0e-02   6.8e-01   2.0e+00   1000       26   1.00
theta[1,1]        2.1e-01  5.8e-01  1.1e+00  -1.5e+00   2.1e-01   1.9e+00    3.4    0.089    2.0
theta[1,2]        7.9e-02  5.8e-01  1.1e+00  -1.6e+00   8.4e-02   1.8e+00    3.5    0.089    2.0
theta[2,1]        7.2e-01  5.7e-01  1.1e+00  -9.8e-01   7.1e-01   2.5e+00    3.5    0.091    2.0
theta[2,2]        2.6e+00  5.5e-01  1.2e+00   6.8e-01   2.5e+00   4.6e+00    5.0     0.13    1.6
theta[3,1]        3.7e+00  5.4e-01  1.6e+00   1.3e+00   3.6e+00   6.6e+00    9.0     0.23    1.3
theta[3,2]        2.0e+00  5.8e-01  1.2e+00   1.5e-01   2.0e+00   3.9e+00    4.1     0.10    1.7
theta[4,1]        1.2e+00  5.8e-01  1.1e+00  -5.9e-01   1.1e+00   3.0e+00    3.5    0.092    2.0
theta[4,2]        1.1e+00  5.8e-01  1.1e+00  -5.9e-01   1.0e+00   2.9e+00    3.6    0.094    1.9
theta[5,1]        6.7e-02  5.7e-01  1.1e+00  -1.6e+00   3.3e-02   1.8e+00    3.5    0.089    2.0
theta[5,2]        3.7e-01  5.7e-01  1.1e+00  -1.4e+00   3.4e-01   2.1e+00    3.6    0.092    2.0
theta[6,1]       -2.1e-01  5.8e-01  1.1e+00  -1.8e+00  -2.0e-01   1.5e+00    3.4    0.088    2.0
theta[6,2]        3.8e-01  5.7e-01  1.1e+00  -1.3e+00   3.8e-01   2.1e+00    3.5    0.090    2.0
theta[7,1]       -9.0e-01  5.8e-01  1.1e+00  -2.6e+00  -9.1e-01   8.1e-01    3.4    0.088    2.1
theta[7,2]       -3.3e-01  5.7e-01  1.0e+00  -2.0e+00  -3.3e-01   1.3e+00    3.4    0.087    2.1
theta[8,1]        5.5e-01  6.0e-01  1.1e+00  -1.1e+00   5.5e-01   2.3e+00    3.4    0.088    2.0
theta[8,2]       -3.4e-01  5.8e-01  1.1e+00  -2.0e+00  -3.4e-01   1.4e+00    3.4    0.088    2.1
theta[9,1]       -3.6e-01  5.8e-01  1.1e+00  -2.1e+00  -3.4e-01   1.4e+00    3.5    0.089    2.0
theta[9,2]        2.3e-01  5.7e-01  1.1e+00  -1.4e+00   2.2e-01   1.9e+00    3.4    0.088    2.0
theta[10,1]      -2.3e-01  5.8e-01  1.1e+00  -1.9e+00  -2.2e-01   1.4e+00    3.4    0.087    2.0
theta[10,2]      -3.4e-01  5.7e-01  1.1e+00  -2.0e+00  -3.5e-01   1.4e+00    3.4    0.089    2.0
theta[11,1]      -6.2e-01  5.8e-01  1.1e+00  -2.4e+00  -5.6e-01   1.1e+00    3.4    0.089    2.0
theta[11,2]      -3.5e-01  5.8e-01  1.1e+00  -2.1e+00  -3.5e-01   1.3e+00    3.4    0.088    2.1
theta[12,1]      -2.5e+00  5.9e-01  1.1e+00  -4.3e+00  -2.6e+00  -6.9e-01    3.7    0.095    2.0
theta[12,2]      -1.3e+00  5.6e-01  1.0e+00  -3.0e+00  -1.3e+00   3.7e-01    3.4    0.089    2.0
theta[13,1]       2.1e-01  5.8e-01  1.1e+00  -1.5e+00   2.0e-01   1.9e+00    3.5    0.090    2.0
theta[13,2]       1.1e+00  5.9e-01  1.1e+00  -6.2e-01   1.1e+00   3.1e+00    3.7    0.097    1.8
theta[14,1]       3.7e-01  5.8e-01  1.1e+00  -1.4e+00   3.9e-01   2.1e+00    3.5    0.091    2.0
theta[14,2]       1.1e+00  5.7e-01  1.1e+00  -6.2e-01   1.1e+00   2.9e+00    3.6    0.093    2.0
theta[15,1]      -9.0e-01  5.8e-01  1.1e+00  -2.6e+00  -9.1e-01   8.2e-01    3.4    0.089    2.0
theta[15,2]      -2.0e-01  5.7e-01  1.1e+00  -1.8e+00  -1.8e-01   1.6e+00    3.5    0.090    2.0
theta[16,1]       5.5e-01  5.9e-01  1.1e+00  -1.3e+00   5.7e-01   2.4e+00    3.5    0.090    2.0
theta[16,2]       7.1e-01  5.7e-01  1.1e+00  -9.6e-01   7.1e-01   2.4e+00    3.4    0.089    2.0
theta[17,1]      -9.0e-01  5.7e-01  1.1e+00  -2.6e+00  -9.3e-01   8.6e-01    3.4    0.088    2.0
theta[17,2]      -4.7e-01  5.7e-01  1.1e+00  -2.1e+00  -5.0e-01   1.2e+00    3.5    0.089    2.0
theta[18,1]      -6.1e-01  5.8e-01  1.1e+00  -2.2e+00  -6.4e-01   1.1e+00    3.4    0.087    2.0
theta[18,2]       2.2e-01  5.7e-01  1.1e+00  -1.4e+00   2.4e-01   1.9e+00    3.4    0.089    2.0
theta[19,1]       7.6e-02  5.8e-01  1.1e+00  -1.6e+00   7.5e-02   1.8e+00    3.4    0.088    2.0
theta[19,2]       1.4e+00  5.7e-01  1.1e+00  -5.1e-01   1.4e+00   3.2e+00    3.9     0.10    1.8
theta[20,1]       3.8e-01  5.8e-01  1.1e+00  -1.3e+00   4.0e-01   2.1e+00    3.5    0.090    2.0
theta[20,2]       5.5e-01  5.7e-01  1.1e+00  -1.2e+00   5.8e-01   2.3e+00    3.5    0.092    1.9
theta[21,1]      -6.3e-01  5.7e-01  1.1e+00  -2.3e+00  -6.4e-01   1.1e+00    3.4    0.089    2.0
theta[21,2]      -7.4e-01  5.8e-01  1.1e+00  -2.4e+00  -7.3e-01   9.3e-01    3.3    0.086    2.1
theta[22,1]       2.1e-01  5.8e-01  1.1e+00  -1.5e+00   1.8e-01   1.9e+00    3.4    0.089    2.0
theta[22,2]       8.3e-02  5.7e-01  1.0e+00  -1.5e+00   5.2e-02   1.8e+00    3.4    0.088    2.1
theta[23,1]       1.4e+00  5.9e-01  1.2e+00  -3.7e-01   1.4e+00   3.3e+00    3.8    0.099    1.8
theta[23,2]       9.4e-01  5.6e-01  1.1e+00  -7.6e-01   9.5e-01   2.7e+00    3.7    0.096    1.9
theta[24,1]       2.2e-01  5.9e-01  1.1e+00  -1.5e+00   2.2e-01   1.9e+00    3.4    0.089    2.0
theta[24,2]       7.2e-01  5.7e-01  1.1e+00  -9.9e-01   6.8e-01   2.5e+00    3.6    0.093    2.0
theta[25,1]       2.2e-01  5.8e-01  1.1e+00  -1.4e+00   2.0e-01   2.0e+00    3.5    0.091    2.0
theta[25,2]       2.1e-01  5.8e-01  1.1e+00  -1.5e+00   2.1e-01   2.0e+00    3.4    0.089    2.0
theta[26,1]       1.4e+00  5.8e-01  1.1e+00  -3.5e-01   1.4e+00   3.1e+00    3.7    0.095    1.9
theta[26,2]       1.7e+00  5.7e-01  1.1e+00  -1.3e-01   1.7e+00   3.4e+00    3.9     0.10    1.8
theta[27,1]      -9.0e-01  5.8e-01  1.1e+00  -2.5e+00  -8.8e-01   8.1e-01    3.3    0.086    2.1
theta[27,2]      -7.4e-01  5.7e-01  1.0e+00  -2.4e+00  -7.5e-01   8.9e-01    3.4    0.087    2.1
theta[28,1]      -4.8e-01  5.9e-01  1.1e+00  -2.2e+00  -5.0e-01   1.2e+00    3.3    0.086    2.1
theta[28,2]       9.2e-01  5.7e-01  1.1e+00  -7.9e-01   9.2e-01   2.7e+00    3.7    0.094    1.9
theta[29,1]       9.3e-01  5.8e-01  1.1e+00  -8.7e-01   9.3e-01   2.7e+00    3.7    0.095    1.9
theta[29,2]       1.7e+00  5.8e-01  1.2e+00  -1.6e-01   1.7e+00   3.5e+00    4.0     0.10    1.8
theta[30,1]      -4.9e-01  5.7e-01  1.1e+00  -2.1e+00  -5.2e-01   1.2e+00    3.4    0.089    2.1
theta[30,2]       7.4e-02  5.7e-01  1.1e+00  -1.6e+00   5.2e-02   1.8e+00    3.4    0.088    2.0
theta[31,1]      -6.2e-01  5.8e-01  1.1e+00  -2.4e+00  -6.4e-01   1.1e+00    3.5    0.090    2.0
theta[31,2]       1.1e+00  5.7e-01  1.1e+00  -6.2e-01   1.2e+00   2.9e+00    3.7    0.096    1.9
theta[32,1]      -8.9e-01  5.8e-01  1.1e+00  -2.6e+00  -8.5e-01   8.1e-01    3.3    0.086    2.1
theta[32,2]      -1.4e+00  5.7e-01  1.1e+00  -3.1e+00  -1.4e+00   2.7e-01    3.5    0.090    2.0
theta[33,1]       7.4e-01  5.9e-01  1.1e+00  -9.6e-01   7.4e-01   2.5e+00    3.5    0.090    2.0
theta[33,2]       5.5e-01  5.7e-01  1.1e+00  -1.2e+00   6.1e-01   2.3e+00    3.5    0.091    2.0
theta[34,1]       1.7e+00  5.7e-01  1.1e+00  -8.4e-02   1.7e+00   3.5e+00    3.9     0.10    1.8
theta[34,2]       2.0e+00  5.8e-01  1.2e+00   1.2e-01   2.0e+00   4.0e+00    4.3     0.11    1.7
theta[35,1]       5.5e-01  5.8e-01  1.1e+00  -1.2e+00   5.6e-01   2.3e+00    3.6    0.092    2.0
theta[35,2]       5.4e-01  5.8e-01  1.1e+00  -1.1e+00   5.3e-01   2.2e+00    3.4    0.089    2.1
theta[36,1]      -1.5e+00  5.7e-01  1.1e+00  -3.2e+00  -1.4e+00   2.8e-01    3.5    0.090    2.0
theta[36,2]      -2.3e+00  5.6e-01  1.1e+00  -4.0e+00  -2.3e+00  -5.0e-01    3.7    0.095    1.9
theta[37,1]       2.2e-01  5.7e-01  1.1e+00  -1.5e+00   2.4e-01   1.9e+00    3.6    0.092    2.0
theta[37,2]       7.3e-01  5.7e-01  1.1e+00  -1.0e+00   6.7e-01   2.4e+00    3.6    0.093    1.9
theta[38,1]      -6.3e-01  5.8e-01  1.1e+00  -2.3e+00  -6.0e-01   1.1e+00    3.4    0.089    2.0
theta[38,2]       9.1e-01  5.8e-01  1.1e+00  -8.6e-01   9.0e-01   2.7e+00    3.5    0.092    2.0
theta[39,1]      -2.1e-01  5.8e-01  1.1e+00  -1.9e+00  -2.4e-01   1.6e+00    3.5    0.090    2.0
theta[39,2]       2.2e-01  5.7e-01  1.1e+00  -1.4e+00   2.4e-01   1.9e+00    3.5    0.090    2.0
theta[40,1]      -2.2e-01  5.8e-01  1.1e+00  -1.9e+00  -2.2e-01   1.5e+00    3.4    0.087    2.1
theta[40,2]      -8.6e-02  5.7e-01  1.1e+00  -1.7e+00  -9.7e-02   1.6e+00    3.4    0.087    2.1
theta[41,1]       1.7e+00  5.7e-01  1.2e+00  -1.3e-01   1.7e+00   3.5e+00    4.1     0.11    1.8
theta[41,2]       1.4e+00  5.8e-01  1.1e+00  -3.7e-01   1.3e+00   3.1e+00    3.8    0.098    1.9
theta[42,1]       1.2e+00  5.8e-01  1.1e+00  -5.8e-01   1.2e+00   3.0e+00    3.7    0.095    1.9
theta[42,2]       7.3e-01  5.7e-01  1.1e+00  -1.1e+00   7.7e-01   2.5e+00    3.7    0.095    1.9
theta[43,1]       5.5e-01  5.7e-01  1.1e+00  -1.1e+00   5.8e-01   2.3e+00    3.6    0.093    2.0
theta[43,2]       3.6e-01  5.7e-01  1.1e+00  -1.3e+00   3.5e-01   2.1e+00    3.5    0.090    2.0
theta[44,1]       2.6e+00  5.6e-01  1.3e+00   4.5e-01   2.7e+00   4.7e+00    5.2     0.14    1.5
theta[44,2]       1.7e+00  5.6e-01  1.1e+00  -1.8e-01   1.7e+00   3.5e+00    4.0     0.10    1.8
theta[45,1]      -5.0e-01  5.8e-01  1.1e+00  -2.1e+00  -5.1e-01   1.2e+00    3.4    0.087    2.1
theta[45,2]      -2.0e-01  5.8e-01  1.1e+00  -1.9e+00  -2.3e-01   1.5e+00    3.3    0.087    2.1
theta[46,1]      -3.5e-01  5.9e-01  1.1e+00  -2.0e+00  -3.5e-01   1.4e+00    3.4    0.087    2.1
theta[46,2]      -1.9e-01  5.7e-01  1.1e+00  -1.8e+00  -1.9e-01   1.4e+00    3.4    0.088    2.1
theta[47,1]       2.7e+00  5.5e-01  1.3e+00   4.5e-01   2.7e+00   4.8e+00    5.4     0.14    1.5
theta[47,2]       9.0e-01  5.8e-01  1.1e+00  -8.3e-01   9.2e-01   2.7e+00    3.6    0.094    1.9
theta[48,1]       1.1e+00  5.8e-01  1.1e+00  -6.4e-01   1.1e+00   2.9e+00    3.7    0.096    1.9
theta[48,2]       1.4e+00  5.8e-01  1.1e+00  -4.6e-01   1.4e+00   3.1e+00    3.7    0.095    1.9
theta[49,1]      -3.5e-01  5.7e-01  1.1e+00  -2.0e+00  -3.0e-01   1.4e+00    3.4    0.087    2.1
theta[49,2]      -6.8e-02  5.7e-01  1.1e+00  -1.7e+00  -1.0e-01   1.6e+00    3.4    0.089    2.1
theta[50,1]      -5.0e-01  5.7e-01  1.0e+00  -2.1e+00  -4.9e-01   1.2e+00    3.4    0.087    2.1
theta[50,2]      -4.8e-01  5.7e-01  1.1e+00  -2.2e+00  -4.6e-01   1.3e+00    3.5    0.090    2.0
theta[51,1]      -1.1e+00  5.8e-01  1.1e+00  -2.7e+00  -1.1e+00   6.7e-01    3.5    0.089    2.0
theta[51,2]      -1.1e+00  5.7e-01  1.0e+00  -2.8e+00  -1.1e+00   5.4e-01    3.4    0.088    2.0
theta[52,1]       2.1e+00  6.0e-01  1.2e+00   2.1e-01   2.1e+00   4.1e+00    4.1     0.11    1.8
theta[52,2]       2.6e+00  5.7e-01  1.3e+00   5.6e-01   2.5e+00   4.7e+00    4.9     0.13    1.6
theta[53,1]       9.2e-01  5.8e-01  1.1e+00  -8.1e-01   9.7e-01   2.6e+00    3.5    0.091    1.9
theta[53,2]       2.1e+00  5.8e-01  1.2e+00   2.1e-01   2.0e+00   4.0e+00    4.1     0.11    1.7
theta[54,1]       9.3e-01  5.8e-01  1.1e+00  -8.1e-01   9.7e-01   2.7e+00    3.6    0.092    2.0
theta[54,2]      -2.0e-01  5.7e-01  1.1e+00  -1.8e+00  -2.4e-01   1.5e+00    3.5    0.090    2.0
theta[55,1]      -8.1e-02  5.8e-01  1.1e+00  -1.7e+00  -8.7e-02   1.7e+00    3.5    0.090    2.0
theta[55,2]      -6.6e-02  5.8e-01  1.1e+00  -1.8e+00  -8.4e-02   1.6e+00    3.3    0.087    2.1
theta[56,1]      -6.3e-01  5.8e-01  1.1e+00  -2.3e+00  -6.0e-01   1.1e+00    3.4    0.089    2.0
theta[56,2]      -3.4e-01  5.7e-01  1.0e+00  -2.0e+00  -3.6e-01   1.3e+00    3.3    0.086    2.1
theta[57,1]      -2.3e-01  5.8e-01  1.1e+00  -2.0e+00  -2.2e-01   1.5e+00    3.4    0.088    2.1
theta[57,2]       7.3e-01  5.7e-01  1.1e+00  -1.0e+00   7.3e-01   2.5e+00    3.5    0.090    2.0
theta[58,1]       5.5e-02  5.8e-01  1.1e+00  -1.6e+00   7.6e-02   1.7e+00    3.4    0.088    2.0
theta[58,2]       5.5e-01  5.8e-01  1.1e+00  -1.2e+00   5.8e-01   2.3e+00    3.5    0.091    2.0
theta[59,1]       3.8e-01  5.8e-01  1.1e+00  -1.3e+00   3.8e-01   2.1e+00    3.5    0.091    2.0
theta[59,2]       5.6e-01  5.7e-01  1.1e+00  -1.1e+00   6.1e-01   2.3e+00    3.5    0.091    2.0
theta[60,1]      -7.2e-02  5.7e-01  1.1e+00  -1.8e+00  -8.6e-02   1.6e+00    3.4    0.089    2.0
theta[60,2]      -7.3e-02  5.7e-01  1.0e+00  -1.7e+00  -1.2e-01   1.6e+00    3.4    0.087    2.1
theta[61,1]       2.2e-01  5.8e-01  1.1e+00  -1.5e+00   1.8e-01   2.0e+00    3.5    0.091    2.0
theta[61,2]       9.2e-02  5.8e-01  1.1e+00  -1.6e+00   8.6e-02   1.8e+00    3.4    0.087    2.1
theta[62,1]       3.7e-01  5.8e-01  1.1e+00  -1.3e+00   3.1e-01   2.1e+00    3.5    0.090    2.0
theta[62,2]       5.5e-01  5.8e-01  1.1e+00  -1.2e+00   5.5e-01   2.3e+00    3.4    0.088    2.1
theta[63,1]       7.4e-01  5.8e-01  1.1e+00  -1.0e+00   7.1e-01   2.5e+00    3.6    0.093    1.9
theta[63,2]       1.1e+00  5.8e-01  1.1e+00  -6.7e-01   1.1e+00   2.8e+00    3.7    0.095    1.9
theta[64,1]       2.2e-01  5.8e-01  1.1e+00  -1.5e+00   2.8e-01   1.9e+00    3.5    0.090    2.0
theta[64,2]       5.5e-01  5.7e-01  1.1e+00  -1.1e+00   5.3e-01   2.3e+00    3.5    0.090    2.0
theta[65,1]       5.3e-01  5.9e-01  1.1e+00  -1.2e+00   5.2e-01   2.3e+00    3.5    0.089    2.0
theta[65,2]       1.4e+00  5.8e-01  1.1e+00  -3.9e-01   1.4e+00   3.3e+00    3.9    0.100    1.9
theta[66,1]      -8.8e-01  5.7e-01  1.1e+00  -2.5e+00  -8.5e-01   8.0e-01    3.4    0.088    2.0
theta[66,2]      -7.3e-01  5.7e-01  1.0e+00  -2.4e+00  -7.2e-01   9.3e-01    3.3    0.086    2.1
theta[67,1]      -7.6e-02  5.7e-01  1.1e+00  -1.8e+00  -4.8e-02   1.7e+00    3.5    0.090    2.0
theta[67,2]      -3.4e-01  5.7e-01  1.1e+00  -2.0e+00  -3.4e-01   1.3e+00    3.4    0.087    2.0
theta[68,1]       5.4e-01  5.9e-01  1.1e+00  -1.2e+00   5.7e-01   2.3e+00    3.5    0.090    2.0
theta[68,2]       7.3e-01  5.7e-01  1.1e+00  -9.9e-01   7.0e-01   2.5e+00    3.6    0.093    2.0
theta[69,1]      -4.8e-01  5.9e-01  1.1e+00  -2.1e+00  -4.9e-01   1.3e+00    3.3    0.086    2.1
theta[69,2]      -4.6e-01  5.8e-01  1.1e+00  -2.1e+00  -4.3e-01   1.2e+00    3.3    0.086    2.1
theta[70,1]       2.2e-01  5.7e-01  1.1e+00  -1.4e+00   2.1e-01   2.0e+00    3.6    0.094    2.0
theta[70,2]       9.1e-01  5.7e-01  1.1e+00  -7.7e-01   8.8e-01   2.7e+00    3.6    0.094    1.9
theta[71,1]      -2.1e-01  5.9e-01  1.1e+00  -1.8e+00  -1.9e-01   1.6e+00    3.4    0.088    2.0
theta[71,2]       5.5e-01  5.7e-01  1.1e+00  -1.2e+00   5.3e-01   2.2e+00    3.5    0.092    2.0
theta[72,1]      -1.6e+00  5.8e-01  1.1e+00  -3.2e+00  -1.7e+00   2.5e-01    3.5    0.089    2.1
theta[72,2]      -1.1e+00  5.7e-01  1.1e+00  -2.9e+00  -1.2e+00   5.9e-01    3.4    0.089    2.0
theta[73,1]       5.4e-01  5.8e-01  1.1e+00  -1.2e+00   5.8e-01   2.3e+00    3.5    0.091    2.0
theta[73,2]       1.1e+00  5.7e-01  1.1e+00  -6.7e-01   1.1e+00   3.0e+00    3.8    0.097    1.9
theta[74,1]      -4.8e-01  5.9e-01  1.1e+00  -2.2e+00  -5.0e-01   1.3e+00    3.4    0.088    2.0
theta[74,2]       7.7e-02  5.8e-01  1.1e+00  -1.6e+00   6.6e-02   1.7e+00    3.3    0.086    2.1
theta[75,1]      -1.3e+00  5.8e-01  1.1e+00  -3.0e+00  -1.3e+00   3.8e-01    3.4    0.088    2.1
theta[75,2]      -8.7e-01  5.8e-01  1.1e+00  -2.6e+00  -9.0e-01   8.7e-01    3.3    0.087    2.1
theta[76,1]       9.2e-01  5.9e-01  1.1e+00  -8.0e-01   9.0e-01   2.7e+00    3.5    0.092    2.0
theta[76,2]       2.6e+00  5.8e-01  1.3e+00   5.5e-01   2.6e+00   4.7e+00    4.9     0.13    1.6
theta[77,1]      -1.3e+00  5.8e-01  1.1e+00  -3.0e+00  -1.3e+00   4.3e-01    3.4    0.087    2.1
theta[77,2]      -1.4e+00  5.7e-01  1.1e+00  -3.1e+00  -1.4e+00   3.3e-01    3.5    0.089    2.0
theta[78,1]       2.1e+00  5.8e-01  1.2e+00   1.4e-01   2.2e+00   4.0e+00    4.4     0.11    1.7
theta[78,2]       7.1e-01  5.7e-01  1.1e+00  -1.0e+00   6.8e-01   2.4e+00    3.5    0.092    2.0
theta[79,1]      -6.3e-01  5.8e-01  1.1e+00  -2.3e+00  -6.3e-01   1.1e+00    3.4    0.088    2.1
theta[79,2]      -4.7e-01  5.8e-01  1.1e+00  -2.1e+00  -4.7e-01   1.2e+00    3.3    0.086    2.1
theta[80,1]      -8.2e-02  5.7e-01  1.1e+00  -1.7e+00  -9.3e-02   1.7e+00    3.4    0.089    2.0
theta[80,2]       7.1e-02  5.6e-01  1.0e+00  -1.6e+00   4.0e-02   1.7e+00    3.5    0.090    2.0
theta[81,1]       1.4e+00  5.8e-01  1.1e+00  -3.6e-01   1.3e+00   3.3e+00    3.8    0.099    1.9
theta[81,2]       9.0e-01  5.9e-01  1.1e+00  -8.2e-01   9.2e-01   2.7e+00    3.5    0.090    2.0
theta[82,1]       1.8e+05  5.0e+04  1.0e+05   3.3e+04   1.6e+05   3.4e+05    4.0     0.10    2.1
theta[82,2]       1.2e+00  5.8e-01  1.1e+00  -6.5e-01   1.2e+00   2.9e+00    3.7    0.096    1.9
theta[83,1]      -7.7e-01  5.8e-01  1.1e+00  -2.5e+00  -8.1e-01   9.9e-01    3.5    0.090    2.0
theta[83,2]      -3.3e-01  5.8e-01  1.1e+00  -2.0e+00  -3.1e-01   1.3e+00    3.3    0.086    2.1
theta[84,1]      -1.2e+00  5.8e-01  1.1e+00  -2.8e+00  -1.2e+00   5.7e-01    3.5    0.089    2.0
theta[84,2]      -1.1e+00  5.7e-01  1.1e+00  -2.8e+00  -1.2e+00   4.9e-01    3.4    0.088    2.1
theta[85,1]       5.5e-01  5.8e-01  1.1e+00  -1.2e+00   6.0e-01   2.4e+00    3.6    0.092    1.9
theta[85,2]       1.4e+00  5.7e-01  1.1e+00  -4.6e-01   1.3e+00   3.2e+00    3.9     0.10    1.8
theta[86,1]       9.3e-01  5.8e-01  1.1e+00  -8.5e-01   9.5e-01   2.7e+00    3.6    0.092    2.0
theta[86,2]       7.1e-01  5.7e-01  1.1e+00  -1.0e+00   7.3e-01   2.5e+00    3.5    0.091    2.0
theta[87,1]       9.4e-01  5.8e-01  1.1e+00  -7.6e-01   9.3e-01   2.7e+00    3.6    0.093    1.9
theta[87,2]       2.6e+00  5.9e-01  1.3e+00   6.1e-01   2.6e+00   4.8e+00    5.1     0.13    1.6
theta[88,1]       7.2e-01  5.8e-01  1.1e+00  -9.7e-01   6.6e-01   2.5e+00    3.5    0.091    2.0
theta[88,2]       2.1e+00  5.7e-01  1.2e+00   2.4e-01   2.0e+00   4.0e+00    4.3     0.11    1.7
theta[89,1]       5.4e-01  5.7e-01  1.1e+00  -1.1e+00   5.4e-01   2.3e+00    3.5    0.090    2.0
theta[89,2]       7.4e-01  5.6e-01  1.1e+00  -9.2e-01   7.5e-01   2.5e+00    3.5    0.091    2.0
theta[90,1]      -1.5e+00  5.7e-01  1.1e+00  -3.2e+00  -1.5e+00   3.0e-01    3.5    0.092    2.0
theta[90,2]      -1.0e+00  5.8e-01  1.1e+00  -2.6e+00  -9.9e-01   6.8e-01    3.4    0.087    2.1
theta[91,1]      -3.7e-01  5.9e-01  1.1e+00  -2.1e+00  -3.7e-01   1.4e+00    3.3    0.087    2.0
theta[91,2]       2.2e-01  5.7e-01  1.1e+00  -1.4e+00   2.3e-01   2.0e+00    3.4    0.088    2.0
theta[92,1]      -2.3e+00  5.9e-01  1.1e+00  -4.0e+00  -2.3e+00  -5.5e-01    3.6    0.093    1.9
theta[92,2]      -2.5e+00  5.7e-01  1.1e+00  -4.2e+00  -2.5e+00  -7.1e-01    3.6    0.094    2.0
theta[93,1]       5.5e-01  5.9e-01  1.1e+00  -1.1e+00   5.0e-01   2.4e+00    3.6    0.092    2.0
theta[93,2]       5.4e-01  5.7e-01  1.1e+00  -1.1e+00   5.0e-01   2.3e+00    3.5    0.091    2.0
theta[94,1]      -7.6e-01  5.8e-01  1.1e+00  -2.4e+00  -7.7e-01   1.0e+00    3.4    0.088    2.1
theta[94,2]       8.2e-02  5.7e-01  1.1e+00  -1.5e+00   6.0e-02   1.7e+00    3.4    0.088    2.1
theta[95,1]       5.5e-01  5.7e-01  1.1e+00  -1.1e+00   5.5e-01   2.2e+00    3.5    0.090    2.1
theta[95,2]       1.3e+00  5.7e-01  1.1e+00  -3.8e-01   1.4e+00   3.1e+00    3.8    0.098    1.9
theta[96,1]       2.6e+00  5.7e-01  1.3e+00   6.6e-01   2.5e+00   4.8e+00    5.2     0.13    1.6
theta[96,2]       3.7e+00  5.9e-01  1.7e+00   1.3e+00   3.6e+00   6.7e+00    8.2     0.21    1.3
theta[97,1]      -6.4e-01  5.8e-01  1.1e+00  -2.3e+00  -6.2e-01   1.1e+00    3.4    0.089    2.0
theta[97,2]       5.4e-01  5.6e-01  1.1e+00  -1.2e+00   5.8e-01   2.2e+00    3.6    0.093    1.9
theta[98,1]       7.2e-01  5.9e-01  1.1e+00  -9.8e-01   7.3e-01   2.6e+00    3.5    0.090    2.0
theta[98,2]       3.8e-01  5.8e-01  1.1e+00  -1.3e+00   4.1e-01   2.0e+00    3.4    0.088    2.1
theta[99,1]      -2.1e+00  5.9e-01  1.1e+00  -3.8e+00  -2.1e+00  -3.4e-01    3.5    0.091    2.0
theta[99,2]      -1.4e+00  5.6e-01  1.0e+00  -3.0e+00  -1.4e+00   3.1e-01    3.5    0.090    2.0
theta[100,1]     -1.9e+00  5.8e-01  1.1e+00  -3.7e+00  -1.9e+00  -1.5e-01    3.5    0.090    2.0
theta[100,2]     -1.9e+00  5.7e-01  1.1e+00  -3.5e+00  -1.9e+00  -2.1e-01    3.5    0.091    2.0
b[1,1]           -1.2e+00  5.7e-01  1.0e+00  -2.7e+00  -1.2e+00   5.4e-01    3.2    0.083    2.2
b[1,2]           -2.9e-01  5.8e-01  1.0e+00  -1.9e+00  -2.7e-01   1.4e+00    3.1    0.081    2.2
b[1,3]           -4.9e-01  5.8e-01  1.0e+00  -2.0e+00  -5.4e-01   1.2e+00    3.1    0.081    2.3
b[1,4]           -1.6e+00  5.8e-01  1.0e+00  -3.3e+00  -1.7e+00   1.2e-02    3.2    0.083    2.2
b[1,5]           -8.8e-01  5.8e-01  1.0e+00  -2.5e+00  -9.2e-01   7.6e-01    3.2    0.082    2.2
b[1,6]           -1.0e+00  5.7e-01  1.0e+00  -2.6e+00  -1.0e+00   6.0e-01    3.2    0.083    2.1
b[1,7]           -1.3e+00  5.8e-01  1.0e+00  -2.9e+00  -1.3e+00   3.3e-01    3.2    0.083    2.2
b[1,8]           -4.9e-01  5.7e-01  1.0e+00  -2.1e+00  -5.1e-01   1.2e+00    3.2    0.082    2.2
b[1,9]            2.9e-02  5.7e-01  1.0e+00  -1.5e+00   1.0e-02   1.7e+00    3.1    0.081    2.2
b[1,10]          -3.9e-01  5.8e-01  1.0e+00  -1.9e+00  -3.6e-01   1.3e+00    3.2    0.082    2.2
b[1,11]           3.5e-02  5.8e-01  1.0e+00  -1.6e+00   6.7e-02   1.7e+00    3.1    0.081    2.2
b[1,12]          -2.1e+00  5.8e-01  1.1e+00  -3.7e+00  -2.1e+00  -3.9e-01    3.3    0.085    2.2
b[1,13]          -2.4e+00  5.8e-01  1.1e+00  -4.0e+00  -2.4e+00  -6.6e-01    3.3    0.085    2.1
b[1,14]          -1.1e+00  5.8e-01  1.0e+00  -2.7e+00  -1.1e+00   6.4e-01    3.2    0.082    2.2
b[1,15]           2.2e-01  5.8e-01  1.0e+00  -1.4e+00   2.5e-01   1.9e+00    3.1    0.081    2.2
b[1,16]          -1.2e+00  5.9e-01  1.0e+00  -2.8e+00  -1.3e+00   4.7e-01    3.2    0.082    2.2
b[1,17]          -3.4e-01  5.8e-01  1.0e+00  -1.9e+00  -2.9e-01   1.3e+00    3.1    0.081    2.2
b[1,18]           6.0e-01  5.8e-01  1.0e+00  -9.9e-01   5.6e-01   2.3e+00    3.2    0.082    2.2
b[1,19]           1.2e+00  5.8e-01  1.0e+00  -4.4e-01   1.2e+00   2.8e+00    3.2    0.083    2.2
b[1,20]          -1.9e+00  5.7e-01  1.0e+00  -3.5e+00  -2.0e+00  -2.4e-01    3.2    0.084    2.2
b[1,21]          -1.5e+00  5.8e-01  1.0e+00  -3.0e+00  -1.4e+00   2.1e-01    3.1    0.081    2.2
b[1,22]          -3.9e-01  5.8e-01  1.0e+00  -2.0e+00  -3.7e-01   1.3e+00    3.1    0.081    2.2
b[1,23]           5.5e-01  5.8e-01  1.0e+00  -1.0e+00   5.1e-01   2.2e+00    3.2    0.082    2.2
b[1,24]          -6.1e-02  5.8e-01  1.0e+00  -1.6e+00  -4.5e-02   1.6e+00    3.1    0.081    2.3
b[1,25]          -1.0e+00  5.8e-01  1.0e+00  -2.6e+00  -1.0e+00   6.3e-01    3.1    0.081    2.2
b[1,26]          -9.8e-02  5.8e-01  1.0e+00  -1.7e+00  -7.1e-02   1.5e+00    3.1    0.080    2.2
b[1,27]          -5.4e-01  5.8e-01  1.0e+00  -2.2e+00  -5.3e-01   1.2e+00    3.2    0.082    2.2
b[1,28]          -1.4e+00  5.8e-01  1.0e+00  -3.0e+00  -1.4e+00   2.8e-01    3.2    0.082    2.2
b[1,29]          -2.4e-01  5.8e-01  1.0e+00  -1.8e+00  -2.6e-01   1.4e+00    3.1    0.081    2.2
b[1,30]          -3.8e-01  5.7e-01  1.0e+00  -1.9e+00  -3.9e-01   1.2e+00    3.2    0.082    2.2
b[1,31]          -1.0e-01  5.8e-01  1.0e+00  -1.7e+00  -1.1e-01   1.6e+00    3.1    0.081    2.2
b[1,32]          -7.8e-01  5.8e-01  1.0e+00  -2.3e+00  -7.8e-01   8.7e-01    3.1    0.081    2.2
b[1,33]          -1.4e+00  5.8e-01  1.0e+00  -3.0e+00  -1.3e+00   3.3e-01    3.2    0.082    2.2
b[1,34]          -1.7e+00  5.8e-01  1.0e+00  -3.3e+00  -1.7e+00   8.5e-02    3.2    0.084    2.2
b[1,35]          -6.9e-01  5.9e-01  1.0e+00  -2.3e+00  -7.1e-01   1.0e+00    3.1    0.081    2.2
b[2,1]            6.9e-02  5.8e-01  1.0e+00  -1.5e+00   2.2e-02   1.7e+00    3.1    0.080    2.3
b[2,2]           -2.2e+00  5.8e-01  1.0e+00  -3.8e+00  -2.2e+00  -4.9e-01    3.3    0.085    2.1
b[2,3]           -8.1e-02  5.7e-01  1.0e+00  -1.7e+00  -8.3e-02   1.5e+00    3.2    0.081    2.2
b[2,4]           -1.6e-01  5.7e-01  1.0e+00  -1.7e+00  -1.6e-01   1.4e+00    3.1    0.081    2.3
b[2,5]           -6.7e-01  5.8e-01  1.0e+00  -2.2e+00  -7.1e-01   9.8e-01    3.1    0.081    2.3
b[2,6]           -3.8e-01  5.8e-01  1.0e+00  -2.0e+00  -3.9e-01   1.3e+00    3.1    0.081    2.3
b[2,7]           -1.0e+00  5.8e-01  1.0e+00  -2.6e+00  -1.0e+00   5.8e-01    3.1    0.081    2.2
b[2,8]            5.3e-01  5.8e-01  1.0e+00  -1.0e+00   5.5e-01   2.1e+00    3.1    0.080    2.3
b[2,9]            3.9e-01  5.7e-01  1.0e+00  -1.2e+00   3.6e-01   2.0e+00    3.1    0.081    2.3
b[2,10]           2.9e-01  5.7e-01  1.0e+00  -1.3e+00   2.7e-01   1.9e+00    3.2    0.082    2.2
b[2,11]          -2.7e-01  5.7e-01  1.0e+00  -1.8e+00  -3.0e-01   1.4e+00    3.1    0.081    2.3
b[2,12]          -9.6e-01  5.7e-01  1.0e+00  -2.5e+00  -9.6e-01   6.6e-01    3.2    0.082    2.2
b[2,13]          -4.8e-01  5.7e-01  1.0e+00  -2.0e+00  -5.0e-01   1.1e+00    3.1    0.081    2.2
b[2,14]           6.7e-02  5.7e-01  1.0e+00  -1.5e+00   5.9e-02   1.7e+00    3.1    0.081    2.2
b[2,15]          -1.1e+00  5.7e-01  1.0e+00  -2.7e+00  -1.1e+00   5.0e-01    3.2    0.083    2.2
b[2,16]          -9.7e-01  5.8e-01  1.0e+00  -2.5e+00  -1.0e+00   6.3e-01    3.1    0.081    2.3
b[2,17]          -9.6e-01  5.7e-01  1.0e+00  -2.6e+00  -9.5e-01   6.6e-01    3.2    0.082    2.2
b[2,18]          -1.3e+00  5.8e-01  1.0e+00  -3.0e+00  -1.4e+00   3.1e-01    3.2    0.083    2.2
b[2,19]          -1.1e+00  5.8e-01  1.0e+00  -2.8e+00  -1.1e+00   4.9e-01    3.1    0.081    2.2
b[2,20]          -8.5e-01  5.8e-01  1.0e+00  -2.4e+00  -8.9e-01   8.0e-01    3.2    0.082    2.2
b[2,21]          -2.2e+00  5.7e-01  1.0e+00  -3.8e+00  -2.2e+00  -4.7e-01    3.3    0.085    2.1
b[2,22]          -6.3e-01  5.7e-01  1.0e+00  -2.2e+00  -6.5e-01   9.6e-01    3.1    0.080    2.2
b[2,23]          -9.6e-01  5.7e-01  1.0e+00  -2.5e+00  -9.8e-01   6.7e-01    3.1    0.081    2.2
b[2,24]          -1.5e+00  5.8e-01  1.0e+00  -3.1e+00  -1.5e+00   1.7e-01    3.2    0.082    2.2
b[2,25]          -7.5e-01  5.8e-01  1.0e+00  -2.4e+00  -7.6e-01   9.1e-01    3.2    0.082    2.2
b[2,26]          -1.2e+00  5.7e-01  1.0e+00  -2.8e+00  -1.2e+00   4.1e-01    3.2    0.083    2.2
b[2,27]          -9.6e-01  5.7e-01  1.0e+00  -2.5e+00  -9.9e-01   7.0e-01    3.2    0.082    2.2
b[2,28]          -4.8e-01  5.7e-01  1.0e+00  -2.0e+00  -4.8e-01   1.2e+00    3.2    0.082    2.3
b[2,29]          -1.2e-01  5.7e-01  1.0e+00  -1.6e+00  -1.4e-01   1.5e+00    3.1    0.080    2.3
b[2,30]          -4.2e-01  5.8e-01  1.0e+00  -2.0e+00  -4.7e-01   1.2e+00    3.1    0.080    2.3
b[2,31]          -1.9e+00  5.8e-01  1.0e+00  -3.5e+00  -1.9e+00  -2.6e-01    3.2    0.084    2.1
b[2,32]          -7.4e-01  5.7e-01  1.0e+00  -2.3e+00  -7.5e-01   8.9e-01    3.1    0.081    2.2
b[2,33]          -1.3e+00  5.7e-01  1.0e+00  -2.9e+00  -1.4e+00   3.1e-01    3.2    0.084    2.2
b[2,34]           6.7e-01  5.7e-01  1.0e+00  -9.0e-01   6.5e-01   2.3e+00    3.1    0.080    2.3
b[2,35]           6.3e-02  5.7e-01  1.0e+00  -1.5e+00   2.5e-02   1.7e+00    3.1    0.081    2.3
mu_b             -6.9e-01  5.7e-01  1.0e+00  -2.2e+00  -7.2e-01   9.2e-01    3.0    0.078    2.4
sigma_b           8.0e-01  2.5e-03  7.8e-02   6.8e-01   8.0e-01   9.4e-01   1000       26   1.00
y_tot[1]          2.3e+01  1.2e-01  3.8e+00   1.6e+01   2.3e+01   2.9e+01   1000       26   1.00
y_tot[2]          3.3e+01  5.7e-02  1.8e+00   2.9e+01   3.3e+01   3.5e+01   1000       26   1.00
y_tot[3]          3.2e+01  6.9e-02  2.2e+00   2.8e+01   3.2e+01   3.5e+01   1000       26   1.00
y_tot[4]          2.9e+01  9.5e-02  3.0e+00   2.3e+01   2.9e+01   3.3e+01   1000       26   1.00
y_tot[5]          2.5e+01  1.1e-01  3.5e+00   1.9e+01   2.5e+01   3.1e+01   1000       26   1.00
y_tot[6]          2.5e+01  1.1e-01  3.6e+00   1.9e+01   2.5e+01   3.0e+01   1000       26   1.00
y_tot[7]          2.0e+01  1.2e-01  3.8e+00   1.4e+01   2.0e+01   2.6e+01   1000       26    1.0
y_tot[8]          2.0e+01  1.2e-01  3.8e+00   1.4e+01   2.0e+01   2.6e+01   1000       26    1.0
y_tot[9]          2.4e+01  1.1e-01  3.6e+00   1.8e+01   2.4e+01   3.0e+01   1000       26   1.00
y_tot[10]         2.0e+01  1.2e-01  3.9e+00   1.3e+01   2.0e+01   2.6e+01   1000       26   1.00
y_tot[11]         2.0e+01  1.3e-01  4.1e+00   1.3e+01   2.0e+01   2.7e+01   1000       26   1.00
y_tot[12]         1.3e+01  1.2e-01  3.8e+00   7.0e+00   1.3e+01   2.0e+01   1000       26    1.0
y_tot[13]         2.9e+01  9.6e-02  3.0e+00   2.3e+01   2.9e+01   3.4e+01   1000       26    1.0
y_tot[14]         2.9e+01  9.4e-02  3.0e+00   2.4e+01   2.9e+01   3.3e+01   1000       26   1.00
y_tot[15]         2.1e+01  1.2e-01  3.9e+00   1.5e+01   2.1e+01   2.7e+01   1000       26   1.00
y_tot[16]         2.7e+01  1.0e-01  3.3e+00   2.1e+01   2.8e+01   3.2e+01   1000       26    1.0
y_tot[17]         1.9e+01  1.2e-01  3.9e+00   1.3e+01   1.9e+01   2.5e+01   1000       26   1.00
y_tot[18]         2.4e+01  1.2e-01  3.7e+00   1.7e+01   2.4e+01   3.0e+01   1000       26   1.00
y_tot[19]         3.0e+01  8.9e-02  2.8e+00   2.5e+01   3.1e+01   3.4e+01   1000       26    1.0
y_tot[20]         2.6e+01  1.1e-01  3.4e+00   2.0e+01   2.6e+01   3.1e+01   1000       26   1.00
y_tot[21]         1.7e+01  1.2e-01  3.9e+00   1.1e+01   1.7e+01   2.4e+01   1000       26    1.0
y_tot[22]         2.3e+01  1.2e-01  3.8e+00   1.7e+01   2.3e+01   2.9e+01   1000       26   1.00
y_tot[23]         2.8e+01  1.0e-01  3.2e+00   2.3e+01   2.8e+01   3.3e+01   1000       26   1.00
y_tot[24]         2.7e+01  1.0e-01  3.3e+00   2.1e+01   2.7e+01   3.2e+01   1000       26   1.00
y_tot[25]         2.4e+01  1.1e-01  3.6e+00   1.7e+01   2.4e+01   2.9e+01   1000       26   1.00
y_tot[26]         3.1e+01  8.0e-02  2.5e+00   2.6e+01   3.1e+01   3.4e+01   1000       26   1.00
y_tot[27]         1.7e+01  1.2e-01  3.9e+00   1.1e+01   1.7e+01   2.3e+01   1000       26   1.00
y_tot[28]         2.8e+01  1.0e-01  3.3e+00   2.2e+01   2.8e+01   3.3e+01   1000       26   1.00
y_tot[29]         3.1e+01  7.7e-02  2.4e+00   2.7e+01   3.2e+01   3.5e+01   1000       26   1.00
y_tot[30]         2.3e+01  1.1e-01  3.5e+00   1.7e+01   2.3e+01   2.9e+01   1000       26   1.00
y_tot[31]         2.9e+01  9.3e-02  2.9e+00   2.4e+01   2.9e+01   3.3e+01   1000       26   1.00
y_tot[32]         1.2e+01  1.2e-01  3.9e+00   6.0e+00   1.2e+01   1.8e+01   1000       26   1.00
y_tot[33]         2.6e+01  1.1e-01  3.6e+00   2.0e+01   2.6e+01   3.1e+01   1000       26   1.00
y_tot[34]         3.2e+01  7.1e-02  2.3e+00   2.8e+01   3.2e+01   3.5e+01   1000       26   1.00
y_tot[35]         2.6e+01  1.1e-01  3.5e+00   2.0e+01   2.6e+01   3.1e+01   1000       26    1.0
y_tot[36]         7.0e+00  1.0e-01  3.2e+00   2.0e+00   7.0e+00   1.3e+01   1000       26   1.00
y_tot[37]         2.7e+01  1.1e-01  3.4e+00   2.1e+01   2.7e+01   3.2e+01   1000       26   1.00
y_tot[38]         2.8e+01  1.0e-01  3.2e+00   2.2e+01   2.8e+01   3.3e+01   1000       26    1.0
y_tot[39]         2.4e+01  1.2e-01  3.7e+00   1.7e+01   2.4e+01   2.9e+01   1000       26    1.0
y_tot[40]         2.2e+01  1.2e-01  3.9e+00   1.5e+01   2.2e+01   2.8e+01   1000       26   1.00
y_tot[41]         3.0e+01  8.9e-02  2.8e+00   2.5e+01   3.0e+01   3.4e+01   1000       26   1.00
y_tot[42]         2.7e+01  1.1e-01  3.4e+00   2.1e+01   2.7e+01   3.2e+01   1000       26   1.00
y_tot[43]         2.5e+01  1.1e-01  3.6e+00   1.9e+01   2.5e+01   3.0e+01   1000       26   1.00
y_tot[44]         3.1e+01  8.1e-02  2.6e+00   2.6e+01   3.1e+01   3.4e+01   1000       26   1.00
y_tot[45]         2.1e+01  1.2e-01  3.8e+00   1.4e+01   2.1e+01   2.7e+01   1000       26   1.00
y_tot[46]         2.1e+01  1.2e-01  3.8e+00   1.5e+01   2.1e+01   2.7e+01   1000       26    1.0
y_tot[47]         2.8e+01  1.0e-01  3.2e+00   2.2e+01   2.8e+01   3.3e+01   1000       26   1.00
y_tot[48]         3.0e+01  8.8e-02  2.8e+00   2.5e+01   3.0e+01   3.4e+01   1000       26   1.00
y_tot[49]         2.2e+01  1.2e-01  3.8e+00   1.6e+01   2.2e+01   2.8e+01   1000       26   1.00
y_tot[50]         1.9e+01  1.3e-01  4.0e+00   1.2e+01   1.9e+01   2.6e+01   1000       26   1.00
y_tot[51]         1.4e+01  1.2e-01  3.8e+00   8.0e+00   1.4e+01   2.0e+01   1000       26   1.00
y_tot[52]         3.3e+01  5.5e-02  1.7e+00   3.0e+01   3.3e+01   3.5e+01   1000       26   1.00
y_tot[53]         3.2e+01  6.9e-02  2.2e+00   2.8e+01   3.2e+01   3.5e+01   1000       26   1.00
y_tot[54]         2.1e+01  1.2e-01  3.9e+00   1.5e+01   2.1e+01   2.8e+01   1000       26   1.00
y_tot[55]         2.2e+01  1.2e-01  3.7e+00   1.6e+01   2.2e+01   2.8e+01   1000       26   1.00
y_tot[56]         2.0e+01  1.2e-01  3.8e+00   1.4e+01   2.0e+01   2.6e+01   1000       26   1.00
y_tot[57]         2.7e+01  1.1e-01  3.4e+00   2.1e+01   2.7e+01   3.2e+01   1000       26   1.00
y_tot[58]         2.6e+01  1.1e-01  3.5e+00   2.0e+01   2.6e+01   3.1e+01   1000       26   1.00
y_tot[59]         2.6e+01  1.1e-01  3.5e+00   2.0e+01   2.6e+01   3.2e+01   1000       26   1.00
y_tot[60]         2.2e+01  1.2e-01  3.7e+00   1.6e+01   2.2e+01   2.8e+01   1000       26    1.0
y_tot[61]         2.3e+01  1.2e-01  3.7e+00   1.7e+01   2.3e+01   2.9e+01   1000       26   1.00
y_tot[62]         2.6e+01  1.1e-01  3.3e+00   2.0e+01   2.6e+01   3.1e+01   1000       26   1.00
y_tot[63]         2.9e+01  9.5e-02  3.0e+00   2.4e+01   2.9e+01   3.3e+01   1000       26    1.0
y_tot[64]         2.6e+01  1.1e-01  3.4e+00   2.0e+01   2.6e+01   3.2e+01   1000       26   1.00
y_tot[65]         3.0e+01  9.3e-02  2.9e+00   2.5e+01   3.0e+01   3.4e+01   1000       26    1.0
y_tot[66]         1.7e+01  1.2e-01  3.9e+00   1.0e+01   1.7e+01   2.4e+01   1000       26   1.00
y_tot[67]         2.0e+01  1.2e-01  3.9e+00   1.4e+01   2.0e+01   2.7e+01   1000       26   1.00
y_tot[68]         2.7e+01  1.1e-01  3.4e+00   2.1e+01   2.7e+01   3.2e+01   1000       26   1.00
y_tot[69]         1.9e+01  1.2e-01  3.8e+00   1.3e+01   1.9e+01   2.6e+01   1000       26   1.00
y_tot[70]         2.8e+01  1.0e-01  3.2e+00   2.2e+01   2.8e+01   3.3e+01   1000       26    1.0
y_tot[71]         2.6e+01  1.1e-01  3.4e+00   2.0e+01   2.6e+01   3.1e+01   1000       26   1.00
y_tot[72]         1.4e+01  1.2e-01  3.9e+00   8.0e+00   1.4e+01   2.0e+01   1000       26   1.00
y_tot[73]         2.9e+01  1.0e-01  3.2e+00   2.3e+01   2.9e+01   3.3e+01   1000       26    1.0
y_tot[74]         2.3e+01  1.1e-01  3.5e+00   1.7e+01   2.3e+01   2.9e+01   1000       26   1.00
y_tot[75]         1.6e+01  1.2e-01  3.9e+00   1.0e+01   1.6e+01   2.2e+01   1000       26   1.00
y_tot[76]         3.3e+01  5.7e-02  1.8e+00   2.9e+01   3.3e+01   3.5e+01   1000       26   1.00
y_tot[77]         1.2e+01  1.2e-01  3.8e+00   6.0e+00   1.2e+01   1.9e+01   1000       26   1.00
y_tot[78]         2.7e+01  1.0e-01  3.2e+00   2.2e+01   2.7e+01   3.2e+01   1000       26   1.00
y_tot[79]         1.9e+01  1.3e-01  4.0e+00   1.2e+01   1.9e+01   2.6e+01   1000       26   1.00
y_tot[80]         2.3e+01  1.2e-01  3.7e+00   1.7e+01   2.3e+01   2.9e+01   1000       26    1.0
y_tot[81]         2.8e+01  1.0e-01  3.2e+00   2.2e+01   2.8e+01   3.3e+01   1000       26    1.0
y_tot[82]         2.9e+01  9.4e-02  3.0e+00   2.4e+01   2.9e+01   3.3e+01   1000       26   1.00
y_tot[83]         2.0e+01  1.2e-01  3.8e+00   1.4e+01   2.0e+01   2.6e+01   1000       26   1.00
y_tot[84]         1.4e+01  1.2e-01  3.8e+00   8.0e+00   1.4e+01   2.0e+01   1000       26   1.00
y_tot[85]         3.0e+01  9.5e-02  3.0e+00   2.4e+01   3.0e+01   3.4e+01   1000       26    1.0
y_tot[86]         2.7e+01  1.1e-01  3.3e+00   2.1e+01   2.7e+01   3.2e+01   1000       26    1.0
y_tot[87]         3.3e+01  6.2e-02  2.0e+00   2.9e+01   3.3e+01   3.5e+01   1000       26   1.00
y_tot[88]         3.2e+01  7.0e-02  2.2e+00   2.8e+01   3.2e+01   3.5e+01   1000       26   1.00
y_tot[89]         2.7e+01  1.0e-01  3.3e+00   2.1e+01   2.7e+01   3.2e+01   1000       26   1.00
y_tot[90]         1.5e+01  1.2e-01  3.9e+00   9.0e+00   1.5e+01   2.1e+01   1000       26   1.00
y_tot[91]         2.4e+01  1.1e-01  3.5e+00   1.8e+01   2.4e+01   3.0e+01   1000       26    1.0
y_tot[92]         6.1e+00  9.5e-02  3.0e+00   2.0e+00   6.0e+00   1.1e+01   1000       26    1.0
y_tot[93]         2.6e+01  1.1e-01  3.4e+00   2.0e+01   2.6e+01   3.1e+01   1000       26    1.0
y_tot[94]         2.3e+01  1.2e-01  3.7e+00   1.7e+01   2.3e+01   2.9e+01   1000       26   1.00
y_tot[95]         3.0e+01  8.9e-02  2.8e+00   2.5e+01   3.0e+01   3.4e+01   1000       26    1.0
y_tot[96]         3.4e+01  4.1e-02  1.3e+00   3.1e+01   3.5e+01   3.5e+01   1000       26   1.00
y_tot[97]         2.6e+01  1.1e-01  3.5e+00   2.0e+01   2.6e+01   3.1e+01   1000       26    1.0
y_tot[98]         2.5e+01  1.0e-01  3.3e+00   2.0e+01   2.5e+01   3.0e+01   1000       26    1.0
y_tot[99]         1.2e+01  1.1e-01  3.6e+00   7.0e+00   1.2e+01   1.8e+01   1000       26    1.0
y_tot[100]        9.0e+00  1.1e-01  3.5e+00   4.0e+00   9.0e+00   1.5e+01   1000       26   1.00

Samples were drawn using hmc with nuts.
For each parameter, N_Eff is a crude measure of effective sample size,
and R_hat is the potential scale reduction factor on split chains (at 
convergence, R_hat=1).

